           0.75	0.00119738359
           2.25	0.00276185849
           3.75	0.00403913697
           5.25	0.00464674976
           6.75	0.00466341296
           8.25	0.00474521686
           9.75	0.0054455003
          11.25	0.00613872412
          12.75	0.00562360688
          14.25	0.00354899295
          15.75	0.00292073876
          17.25	0.00591123097
          18.75	0.0088363906
          20.25	0.00933633216
          21.75	0.00710861412
          23.25	0.00350554345
          24.75	0.00264776701
          26.25	0.00436681047
          27.75	0.00445258505
          29.25	0.00311173289
          30.75	0.00309320844
          32.25	0.00417211175
          33.75	0.00354693459
          35.25	0.00180256939
          36.75	0.00393394055
          38.25	0.00786275481
          39.75	0.00966874749
          41.25	0.00861948878
          42.75	0.00525986395
          44.25	0.00192055412
          45.75	0.00233647314
          47.25	0.00361760671
          48.75	0.00320988126
          50.25	0.00286385355
          51.75	0.0035127968
          53.25	0.00353579653
          54.75	0.0021095435
          56.25	0.00250098394
          57.75	0.00571705044
          59.25	0.00825803749
          60.75	0.00868804825
          62.25	0.0069111176
          63.75	0.00382082198
          65.25	0.00160762305
          66.75	0.00186465744
          68.25	0.00208649248
          69.75	0.00128302966
          71.25	0.000963026446
          72.75	0.00112140144
          74.25	0.00114434439
          75.75	0.00279397834
          77.25	0.00556643864
          78.75	0.00769888736
          80.25	0.00823662322
          81.75	0.00697846677
          83.25	 0.004509471
          84.75	0.00195883259
          86.25	0.000742967594
          87.75	0.000676118229
          89.25	0.00103698442
          90.75	0.0020133978
          92.25	0.00244096296
          93.75	0.00159935285
          95.25	0.00189666565
          96.75	0.00479974865
          98.25	0.00758728948
          99.75	0.00867199964
         101.25	0.00756932592
         102.75	0.00478615033
         104.25	0.00197964761
         105.75	0.00153810066
         107.25	0.00188679512
         108.75	0.00112185085
         110.25	0.0013138558
         111.75	0.00231902769
         113.25	0.00189630289
         114.75	0.00133511945
         116.25	0.0037510968
         117.75	0.00689662758
         119.25	0.00858320976
         120.75	0.00815730535
         122.25	0.00586633005
         123.75	0.0027537865
         125.25	0.00110216792
         126.75	0.00150962761
         128.25	0.00118018076
         129.75	0.00067887426
         131.25	0.00143592834
         132.75	0.00144586593
         134.25	0.00113420336
         135.75	0.00357384256
         137.25	0.00705991549
         138.75	0.00935862145
         140.25	0.00944073556
         141.75	0.0072193305
         143.25	0.00362080009
         144.75	0.00130383638
         146.25	0.00199694694
         147.75	0.00212177662
         149.25	0.00110435471
         150.75	0.00111547681
         152.25	0.00150856138
         153.75	0.00106410151
         155.25	0.00248527913
         156.75	0.0054423284
         158.25	0.00751732686
         159.75	0.00773257096
         161.25	0.00599242187
         162.75	0.00309779504
         164.25	0.0012904311
         165.75	0.00179151796
         167.25	0.00179652573
         168.75	0.00104120528
         170.25	0.00161552622
         171.75	0.00242588874
         173.25	0.00161110441
         174.75	0.00159722707
         176.25	0.00467944605
         177.75	0.00784534304
         179.25	0.0092789802
         180.75	0.00839371005
         182.25	0.00561137857
         183.75	0.00220326126
         185.25	0.000963558884
         186.75	0.00148439798
         188.25	0.000959798635
         189.75	0.00120320742
         191.25	0.0022487124
         192.75	0.00196589665
         194.25	0.00127184924
         195.75	0.00340998389
         197.25	0.0066276793
         198.75	0.00861285726
         200.25	0.00861583082
         201.75	0.0066752416
         203.25	0.00355821154
         204.75	0.0012221186
         206.25	0.00174829775
         207.75	0.00235088143
         209.25	0.00173131714
         210.75	0.00106204861
         212.25	0.000929402675
         213.75	0.000704811086
         215.25	0.0020227853
         216.75	0.00474305389
         218.25	0.00699356209
         219.75	0.00772451934
         221.25	0.00655450897
         222.75	0.00396472058
         224.25	0.00143136986
         225.75	0.00123649835
         227.25	0.00172354191
         228.75	0.00113836149
         230.25	0.000941442772
         231.75	0.00124719734
         233.25	0.000808616373
         234.75	0.00188806684
         236.25	0.00488799896
         237.75	0.00750351188
         239.25	0.00858856066
         240.75	0.00761801854
         242.25	0.00490979039
         243.75	0.00178605937
         245.25	0.00142542882
         246.75	0.00245408159
         248.25	0.00181426106
         249.75	0.000900788893
         251.25	0.00163686384
         252.75	0.00188421261
         254.25	0.00116228488
         255.75	0.00293799523
         257.25	0.00626758349
         258.75	0.00838098702
         260.25	0.00831922952
         261.75	0.00610616599
         263.25	0.00271813536
         264.75	0.00116028226
         266.25	0.0021000442
         267.75	0.00194222034
         269.25	0.000837911721
         270.75	0.00110509922
         272.25	0.0016884716
         273.75	0.00123251002
         275.25	0.00226960464
         276.75	0.00501131083
         278.25	0.00719169613
         279.75	0.00778645298
         281.25	0.00660643013
         282.75	0.00425454406
         284.25	0.00200019664
         285.75	0.00118585568
         287.25	0.00106565598
         288.75	0.000989811691
         290.25	0.00170278291
         291.75	0.0021300719
         293.25	0.00138364792
         294.75	0.00188385878
         296.25	0.00476630777
         297.75	0.00739613291
         299.25	0.00836575906
         300.75	0.00724590279
         302.25	0.00451542076
         303.75	0.00159382576
         305.25	0.00122677752
         306.75	0.00197142272
         308.25	0.00154031618
         309.75	0.00137617295
         311.25	0.00192994526
         312.75	0.00170844142
         314.25	0.00123486969
         315.75	0.00291567825
         317.25	0.00542667081
         318.75	0.00681236796
         320.25	0.00643731192
         321.75	0.00446990915
         323.25	0.00198808691
         324.75	0.00134684096
         326.25	0.0020276184
         327.75	0.00179680223
         329.25	0.00161468461
         330.75	0.00236881895
         332.25	0.0026551695
         333.75	0.00153214327
         335.25	0.00157774846
         336.75	0.00417586877
         338.25	0.00635741026
         339.75	0.00687887704
         341.25	0.00561666243
         342.75	0.00325833962
         344.25	0.00127215032
         345.75	0.00096740628
         347.25	0.000833115656
         348.75	0.000738552034
         350.25	0.0016987006
         351.75	0.00213408111
         353.25	0.00127090567
         354.75	0.00170937466
         356.25	0.00455824294
         357.75	0.00710196259
         359.25	0.00807094448
         360.75	0.00706280972
         362.25	0.00450059622
         363.75	0.0016257816
         365.25	0.0010619481
         366.75	0.00168326615
         368.25	0.000987066536
         369.75	0.000853486111
         371.25	0.00180498771
         372.75	0.00167945329
         374.25	0.00127891935
         375.75	0.00319974216
         377.25	0.00593578689
         378.75	0.00744778073
         380.25	0.00705134465
         381.75	0.00491758154
         383.25	0.00200019567
         384.75	0.00105206332
         386.25	0.00197370426
         387.75	0.00175621632
         389.25	0.000861403493
         390.75	0.00102220026
         392.25	0.00130869563
         393.75	0.000810099949
         395.25	0.00210292544
         396.75	0.00476742758
         398.25	0.00668329042
         399.75	0.00701839325
         401.25	0.00561567589
         402.75	0.00306818232
         404.25	0.00100531425
         405.75	0.00126856313
         407.25	0.00159480923
         408.75	0.00113703583
         410.25	0.00126636076
         411.75	0.00157626039
         413.25	0.0011602035
         414.75	0.00192778775
         416.25	0.00440136782
         417.75	0.00657264462
         419.25	0.00735216833
         420.75	0.0064148663
         422.25	0.00416765368
         423.75	0.00164218628
         425.25	0.00089602792
         426.75	0.00138730407
         428.25	0.0010444889
         429.75	0.000763633361
         431.25	0.00110288764
         432.75	0.000943778223
         434.25	0.00140145759
         435.75	0.00358064526
         437.25	0.00589129966
         438.75	0.00708577829
         440.25	0.00660822648
         441.75	0.00465514126
         443.25	0.00208381609
         444.75	0.000677573721
         446.25	0.000861163153
         447.75	0.000548200191
         449.25	0.000916807387
         450.75	0.00184360665
         452.25	0.00177171551
         453.75	0.00146850685
         455.25	0.00292169172
         456.75	0.00517665196
         458.25	0.0065063975
         459.75	0.00632455802
         461.25	0.00478977784
         462.75	0.00261061617
         464.25	0.000819558895
         465.75	0.000473596735
         467.25	0.000435582639
         468.75	0.000388062257
         470.25	0.00090216563
         471.75	0.000886407319
         473.25	0.000708270399
         474.75	0.00220845405
         476.25	0.00448426552
         477.75	0.00617705012
         479.25	0.00656038033
         480.75	0.00541714477
         482.25	0.00317682522
         483.75	0.00108793669
         485.25	0.00103986367
         486.75	0.00142979897
         488.25	0.000767470727
         489.75	0.000584836857
         491.25	0.00106388442
         492.75	0.000753533305
         494.25	0.00126801329
         495.75	0.00333634629
         497.25	0.00516066834
         498.75	0.00581922995
         500.25	0.00501154001
         501.75	0.00306072942
         503.25	0.00119247832
         504.75	0.00137138503
         506.25	0.00211722415
         507.75	0.00177660968
         509.25	0.000813475732
         510.75	0.000544440016
         512.25	0.000639694121
         513.75	0.000741060398
         515.25	0.00233689434
         516.75	0.00448863354
         518.25	0.00589698239
         519.75	0.00585307019
         521.25	0.00429242046
         522.75	0.00189044122
         524.25	0.000925790005
         525.75	0.00163635819
         527.25	0.00150648678
         528.75	0.00125910929
         530.25	0.00202104526
         531.75	0.00255779202
         533.25	0.00203099547
         534.75	0.00179253553
         536.25	0.00318580933
         537.75	0.0046673388
         539.25	0.00490583679
         540.75	0.00375432582
         542.25	0.00183078401
         543.75	0.00103983657
         545.25	0.00177688424
         546.75	0.00196029915
         548.25	0.0012913767
         549.75	0.000677192792
         551.25	0.000848815626
         552.75	0.00116079322
         554.25	0.00182522415
         555.75	0.00318141292
         557.25	0.00450379563
         558.75	0.00498905857
         560.25	0.00429205235
         561.75	0.00263973656
         563.25	0.000963407266
         564.75	0.000833676868
         566.25	0.00112356117
         567.75	0.000640733214
         569.25	0.000868018735
         570.75	0.00165801326
         572.25	0.00160722429
         573.75	0.00123327521
         575.25	0.00234200284
         576.75	0.00431028075
         578.25	0.00558498826
         579.75	0.00559444705
         581.25	0.00438075468
         582.75	0.0024835012
         584.25	0.000839146614
         585.75	0.000565250743
         587.25	0.000694573024
         588.75	0.000638320545
         590.25	0.000996848744
         591.75	0.00117653894
         593.25	0.00117040368
         594.75	0.00213355354
         596.25	0.00380162782
         597.75	0.00495048395
         599.25	0.00489268926
         600.75	0.00357139168
         602.25	0.00155904356
         603.75	0.000768536307
         605.25	0.0013681277
         606.75	0.00117756596
         608.25	0.00057848697
         609.75	0.000982020429
         611.25	0.00132244208
         612.75	0.000739853971
         614.25	0.00134984141
         615.75	0.00348110203
         617.25	0.00520926948
         618.75	0.00583580936
         620.25	0.00515344666
         621.75	0.00345567354
         623.25	0.00142863823
         624.75	0.000664232248
         626.25	0.00110800727
         627.75	0.000894865119
         629.25	0.000479240086
         630.75	0.00085419277
         632.25	0.000992722615
         633.75	0.000587170038
         635.25	0.00150385821
         636.75	0.00330014891
         638.25	0.00447585591
         639.75	0.00451148814
         641.25	0.00340620024
         642.75	0.00167692893
         644.25	0.000571153527
         645.75	0.000788321796
         647.25	0.000723866462
         648.75	0.000429894349
         650.25	0.000687315871
         651.75	0.000677354903
         653.25	0.000541821271
         654.75	0.00169322468
         656.25	0.00327537078
         657.75	0.00430298204
         659.25	0.00437627372
         660.75	0.00349890688
         662.25	0.00207174327
         663.75	0.000866653089
         665.25	0.00064636474
         666.75	0.000677946187
         668.25	0.000413814672
         669.75	0.00052309506
         671.25	0.000698025115
         672.75	0.000590840206
         674.25	0.00130029918
         675.75	0.00277994474
         677.25	0.00400554572
         678.75	0.00439758315
         680.25	0.00376580439
         681.75	0.00237465148
         683.25	0.00104537316
         684.75	0.000930214911
         686.25	 0.001308902
         687.75	0.0012319411
         689.25	0.00102435145
         690.75	0.000835002391
         692.25	0.000473601243
         693.75	0.00105022772
         695.25	0.00264324208
         696.75	0.00402773509
         698.25	0.00456437769
         699.75	0.00395506662
         701.25	0.00241650693
         702.75	0.00111843197
         704.25	0.00142640964
         705.75	0.00191790138
         707.25	0.00146587881
         708.75	0.000677094201
         710.25	0.000707266062
         711.75	0.000792571622
         713.25	0.00065340456
         714.75	0.0018263668
         716.25	0.00351113362
         717.75	0.00451176631
         719.25	0.00439362881
         720.75	0.00325402029
         722.25	0.00168074891
         723.75	0.000719521805
         725.25	0.000676167806
         726.75	0.000432491472
         728.25	0.00045228797
         729.75	0.00104979486
         731.25	0.00118277853
         732.75	0.000876436378
         734.25	0.00140084781
         735.75	0.00280477621
         737.25	0.0039334556
         738.75	0.00423534154
         740.25	0.00360260435
         741.75	0.00230576531
         743.25	0.000889000977
         744.75	0.00043013035
         746.25	0.000725359686
         747.75	0.00074440244
         749.25	0.000817021349
         750.75	0.000968695576
         752.25	0.000850426652
         753.75	0.000945625988
         755.25	0.00187308966
         756.75	0.00300545671
         758.25	0.00362781412
         759.75	0.00341676758
         761.25	0.00240121234
         762.75	0.00103198232
         764.25	0.000757399752
         765.75	0.0014363561
         767.25	0.00155721059
         768.75	0.00114473194
         770.25	0.00083853457
         771.75	0.000890843197
         773.25	0.000954676533
         774.75	0.0013863056
         776.25	0.00235569525
         777.75	0.00316083318
         779.25	0.00320704036
         780.75	0.00236696379
         782.25	0.00100042386
         783.75	0.000567121227
         785.25	0.00110201965
         786.75	0.000992876774
         788.25	0.0004804811
         789.75	0.00072383937
         791.25	0.00123612365
         792.75	0.00124518869
         794.25	0.00121946092
         795.75	0.00169752241
         797.25	0.00227382576
         798.75	0.0023842234
         800.25	0.0019289644
         801.75	0.00118743463
         803.25	0.000755305412
         804.75	0.000838252341
         806.25	0.000866642716
         807.75	0.00064782063
         809.25	0.000585797291
         810.75	0.000782125183
         812.25	0.000839826849
         813.75	0.000917148904
         815.25	0.00150013331
         816.75	0.00230543409
         818.25	0.00273464509
         819.75	0.00250838826
         821.25	 0.001722971
         822.75	0.000773661616
         824.25	0.000180253412
         825.75	0.000155931669
         827.25	0.000618778081
         828.75	0.00129316294
         830.25	0.00165238255
         831.75	0.00141908475
         833.25	0.00106934584
         834.75	0.00159928656
         836.25	0.00256796701
         837.75	0.00305468632
         839.25	0.00283149673
         840.75	0.00207943432
         842.25	0.00120405367
         843.75	0.000725809345
         845.25	0.000846777534
         846.75	0.00118165959
         848.25	0.00146558759
         849.75	0.00161115975
         851.25	0.00152799281
         852.75	0.00113874985
         854.25	0.000579495735
         855.75	0.000743587206
         857.25	0.00157997803
         858.75	0.00214761818
         860.25	0.00212793063
         861.75	0.00151089259
         863.25	0.000598487191
         864.75	0.000477954267
         866.25	0.00101962711
         867.75	0.00126121178
         869.25	0.00132915425
         870.75	0.00135370874
         872.25	0.00118313961
         873.75	0.000701320324
         875.25	0.000548471444
         876.75	0.00111355891
         878.25	0.00155127744
         879.75	0.00147326023
         881.25	0.00097276165
         882.75	0.000458093161
         884.25	0.000322263356
         885.75	0.000233154475
         887.25	0.000402472558
         888.75	0.00102308798
         890.25	0.0014516647
         891.75	0.00134322137
         893.25	0.000698513578
         894.75	 0.000658614
         896.25	0.00157608265
         897.75	0.00222061826
         899.25	0.00220375486
         900.75	0.00157575465
         902.25	0.000796950723
         903.75	0.000738674512
         905.25	0.00111693436
         906.75	0.00113345079
         908.25	0.000861906451
         909.75	0.000702452632
         911.25	0.000699476382
         912.75	0.000687841709
         914.25	0.00106346646
         915.75	0.00187843556
         917.25	0.00256251966
         918.75	0.00269645651
         920.25	0.00218124954
         921.75	0.00127896768
         923.25	0.00073433471
         924.75	0.000894320101
         926.25	0.000969284585
         927.75	0.000644673803
         929.25	0.000374302258
         930.75	0.000535352157
         932.25	0.000755030824
         933.75	0.000967892657
         935.25	0.00128893882
         936.75	0.00153969708
         938.25	0.00149717606
         939.75	0.00115157632
         941.25	0.000771394093
         942.75	0.000712807597
         944.25	0.000840941042
         945.75	0.000800645728
         947.25	0.000540090809
         948.75	0.000245673976
         950.25	0.000180667328
         951.75	0.00024739997
         953.25	0.00049085736
         954.75	0.00100540152
         956.25	0.00150467762
         957.75	0.00168586945
         959.25	0.00139649578
         960.75	0.000770334241
         962.25	0.000575239888
         963.75	0.00101072325
         965.25	0.00122932696
         966.75	0.00100547921
         968.25	0.000615387221
         969.75	0.000516352494
         971.25	0.000626767056
         972.75	0.000689257514
         974.25	0.000906582169
         975.75	 0.001295829
         977.25	0.00156092106
         978.75	0.00150503601
         980.25	0.00112075882
         981.75	0.000558297782
         983.25	0.000344406604
         984.75	0.000637110512
         986.25	0.000818082767
         987.75	0.000750285054
         989.25	0.000641591384
         990.75	0.000622110981
         992.25	0.000464912527
         993.75	0.000307831331
         995.25	0.00088015807
         996.75	0.00167322166
         998.25	0.00207721634
         999.75	0.00187516332
        1001.25	0.00117193029
        1002.75	0.000673691663
        1004.25	0.000924047053
        1005.75	0.0011236239
        1007.25	0.00085841794
        1008.75	0.000678248924
        1010.25	0.00100987747
        1011.75	0.00127770909
        1013.25	0.00108686545
        1014.75	0.000625239064
        1016.25	0.000609466153
        1017.75	0.00106011138
        1019.25	0.00135914507
        1020.75	0.00141119534
        1022.25	0.00132886282
        1023.75	0.00118259045
        1025.25	0.000943179075
        1026.75	0.000581631413
        1028.25	0.000255624515
        1029.75	0.00030570691
        1031.25	0.000443195705
        1032.75	0.000333944386
        1034.25	0.000345030759
        1035.75	0.000764045924
        1037.25	0.00114898475
        1038.75	0.00118598008
        1040.25	0.000843316671
        1041.75	0.000577971685
        1043.25	0.000897793245
        1044.75	0.00129555705
        1046.25	0.00130353709
        1047.75	0.000978532198
        1049.25	0.000756426265
        1050.75	0.000906801341
        1052.25	0.00103122856
        1053.75	0.000863440117
        1055.25	0.000774592161
        1056.75	0.0012028787
        1058.25	0.00178078595
        1059.75	0.00202777714
        1061.25	0.00176889063
        1062.75	0.00105725909
        1064.25	0.000516039562
        1065.75	0.000952725071
        1067.25	0.00154495929
        1068.75	0.00167268337
        1070.25	0.0013591787
        1071.75	0.000858008505
        1073.25	0.000610340484
        1074.75	0.000689838275
        1076.25	0.00068356059
        1077.75	0.000468882838
        1079.25	0.000347184331
        1080.75	0.000493879839
        1082.25	0.000612081536
        1083.75	0.000633744167
        1085.25	0.000774049452
        1086.75	0.00104196373
        1088.25	0.00118306587
        1089.75	0.00102302521
        1091.25	0.000594210962
        1092.75	0.000328856901
        1094.25	0.000559401418
        1095.75	0.000768099246
        1097.25	0.000723677987
        1098.75	0.000554934888
        1100.25	0.000418386089
        1101.75	0.000350320533
        1103.25	0.000432520935
        1104.75	0.000698009565
        1106.25	0.00091992987
        1107.75	0.000882996594
        1109.25	0.000540258255
        1110.75	0.000294334438
        1112.25	0.000607223257
        1113.75	0.000931029958
        1115.25	0.000931850122
        1116.75	0.000645086479
        1118.25	0.000284034501
        1119.75	0.000242385273
        1121.25	0.000373148716
        1122.75	0.000326150054
        1124.25	0.000158659376
        1125.75	0.00014039797
        1127.25	0.000268824445
        1128.75	0.000364693495
        1130.25	0.000494993008
        1131.75	0.000711488322
        1133.25	0.000953640084
        1134.75	0.00111974642
        1136.25	0.00111820955
        1137.75	0.000896063191
        1139.25	0.00047734173
        1140.75	0.000212570021
        1142.25	0.00042409366
        1143.75	0.000549147998
        1145.25	0.000342629038
        1146.75	0.000239689519
        1148.25	0.000608190892
        1149.75	0.000891839658
        1151.25	0.000828975918
        1152.75	0.000481428594
        1154.25	0.000362220868
        1155.75	0.000690208742
        1157.25	0.000965161193
        1158.75	0.00105812108
        1160.25	0.0010441703
        1161.75	0.000933422322
        1163.25	0.000696853391
        1164.75	0.000504033425
        1166.25	0.000589772131
        1167.75	0.000710764301
        1169.25	0.000574294873
        1170.75	0.000375717826
        1172.25	0.000547716099
        1173.75	0.000802004083
        1175.25	0.000751038423
        1176.75	0.000473820263
        1178.25	0.000396919429
        1179.75	0.000530860447
        1181.25	0.000440916152
        1182.75	0.000270686802
        1184.25	0.000541044051
        1185.75	0.000893642859
        1187.25	0.000937419709
        1188.75	0.000726607079
        1190.25	0.000569819519
        1191.75	0.000621620589
        1193.25	0.000657164884
        1194.75	0.000643411573
        1196.25	0.000775367338
        1197.75	0.000995285151
        1199.25	0.00108954942
        1200.75	0.00100138836
        1202.25	0.000801413396
        1203.75	0.000555876859
        1205.25	0.000334512699
        1206.75	0.000365696586
        1208.25	0.000626123424
        1209.75	0.000829771255
        1211.25	0.000875613378
        1212.75	0.000778877063
        1214.25	0.000618359028
        1215.75	0.000624405904
        1217.25	0.000969588786
        1218.75	0.00143569466
        1220.25	0.00173059424
        1221.75	0.00171705396
        1223.25	0.00143688314
        1224.75	0.00107296849
        1226.25	0.000793772052
        1227.75	0.000609277349
        1229.25	0.00052113616
        1230.75	0.000609858735
        1232.25	0.000789807454
        1233.75	0.000940858145
        1235.25	0.00107570418
        1236.75	0.00116400748
        1238.25	0.00105532027
        1239.75	0.000651335114
        1241.25	0.000395521253
        1242.75	0.000823840447
        1244.25	0.00128707031
        1245.75	0.00133520293
        1247.25	0.000943718558
        1248.75	0.000372455718
        1250.25	0.000494495858
        1251.75	0.00107075035
        1253.25	0.00138016686
        1254.75	0.00136392817
        1256.25	0.00105122053
        1257.75	0.000547475202
        1259.25	0.000201165096
        1260.75	0.000316631175
        1262.25	0.000420983324
        1263.75	0.000607022747
        1265.25	0.00111164296
        1266.75	0.00164453381
        1268.25	0.00186526757
        1269.75	0.00162381443
        1271.25	0.00098237013
        1272.75	0.000352986726
        1274.25	0.000510414047
        1275.75	0.000847888762
        1277.25	0.000776868228
        1278.75	0.000409425692
        1280.25	0.00022084472
        1281.75	0.000448528509
        1283.25	0.000574633582
        1284.75	0.000452864888
        1286.25	0.000201132232
        1287.75	0.000248002253
        1289.25	0.000571049949
        1290.75	0.000818539146
        1292.25	0.000938988906
        1293.75	0.000951202589
        1295.25	0.000913156526
        1296.75	0.000855449004
        1298.25	0.000730748663
        1299.75	0.000479059728
        1301.25	0.000227864045
        1302.75	0.000332125968
        1304.25	0.000558725635
        1305.75	0.000586450926
        1307.25	0.000482332644
        1308.75	0.00048840472
        1310.25	0.000644475849
        1311.75	0.000742092637
        1313.25	0.000685822227
        1314.75	0.000495320295
        1316.25	0.000228874528
        1317.75	0.000285922476
        1319.25	0.000724920286
        1320.75	0.00109240503
        1322.25	0.00118027949
        1323.75	0.00091692994
        1325.25	0.000430640831
        1326.75	0.000294054846
        1328.25	0.000542549887
        1329.75	0.000593193933
        1331.25	0.000502791423
        1332.75	0.000508123474
        1334.25	0.000520970521
        1335.75	0.000370553464
        1337.25	0.000320189567
        1338.75	0.000502202469
        1340.25	0.000504048617
        1341.75	0.000335887216
        1343.25	0.000656625156
        1344.75	0.00126441572
        1346.25	0.0015620015
        1347.75	0.00138577089
        1349.25	0.000841051068
        1350.75	0.000321184525
        1352.25	0.000282381594
        1353.75	0.000303219355
        1355.25	0.000225246702
        1356.75	0.000432116393
        1358.25	0.000649897679
        1359.75	0.000613948808
        1361.25	0.000383516568
        1362.75	0.000153812838
        1364.25	7.86367814e-05
        1365.75	0.000150003982
        1367.25	0.00028210023
        1368.75	0.000305202663
        1370.25	0.000274484976
        1371.75	0.000550120425
        1373.25	0.00098413285
        1374.75	0.00119143942
        1376.25	0.00101610887
        1377.75	0.000534290908
        1379.25	0.000291382499
        1380.75	0.000529957024
        1382.25	0.000624633498
        1383.75	0.000471489222
        1385.25	0.000347091247
        1386.75	0.000401644215
        1388.25	0.000465929771
        1389.75	0.000465886869
        1391.25	0.000409602652
        1392.75	0.00032090528
        1394.25	0.000373695102
        1395.75	0.000530424291
        1397.25	0.000485942149
        1398.75	0.000246568945
        1400.25	0.000492114056
        1401.75	0.0010035311
        1403.25	0.00114393348
        1404.75	0.00085393396
        1406.25	0.000625749898
        1407.75	0.000875148587
        1409.25	0.000997880298
        1410.75	0.000564831147
        1412.25	0.000529085239
        1413.75	0.00136253797
        1415.25	0.00191401494
        1416.75	0.00178851566
        1418.25	0.00108563669
        1419.75	0.000476779294
        1421.25	0.000644131501
        1422.75	0.000805294188
        1424.25	0.000601941265
        1425.75	0.00055919343
        1427.25	0.000766751412
        1428.75	0.000784304109
        1430.25	0.000654856223
        1431.75	0.000720908953
        1433.25	0.000875195221
        1434.75	0.000831668175
        1436.25	0.00072833886
        1437.75	0.000839573281
        1439.25	0.00102871365
        1440.75	0.00110630591
        1442.25	0.00117316462
        1443.75	0.00127972251
        1445.25	0.00122956645
        1446.75	0.000866127357
        1448.25	0.000457634201
        1449.75	0.000618171704
        1451.25	0.000976396194
        1452.75	0.000990348503
        1454.25	0.000718468948
        1455.75	0.000534619071
        1457.25	0.000621451699
        1458.75	0.000637879025
        1460.25	0.000426949836
        1461.75	0.000399411146
        1463.25	0.000736014389
        1464.75	0.000975396383
        1466.25	0.000895635023
        1467.75	0.000535211016
        1469.25	0.000218450988
        1470.75	0.000323503312
        1472.25	0.000428631978
        1473.75	0.000297504373
        1475.25	0.00016399681
        1476.75	0.000211235397
        1478.25	0.000224573753
        1479.75	0.000233724176
        1481.25	0.000354644841
        1482.75	0.000405067734
        1484.25	0.000369311275
        1485.75	0.000543367264
        1487.25	0.000867665937
        1488.75	0.000992386435
        1490.25	0.00077312192
        1491.75	0.000335401641
        1493.25	  0.00026258
        1494.75	0.000480292531
        1496.25	0.000462714163
        1497.75	0.000433564743
        1499.25	0.000595497339
        1500.75	0.000659894823
        1502.25	0.000410839854
        1503.75	0.000229621672
        1505.25	0.000527242715
        1506.75	0.0007165628
        1508.25	0.000545917667
        1509.75	0.000222787614
        1511.25	0.000299209963
        1512.75	0.000500433097
        1514.25	0.000424772692
        1515.75	0.000196830729
        1517.25	6.11418728e-05
        1518.75	0.000197329213
        1520.25	0.000596747567
        1521.75	0.00108537436
        1523.25	0.00138111887
        1524.75	0.00126663814
        1526.25	0.000726418539
        1527.75	0.000405898265
        1529.25	0.000875094166
        1530.75	0.00129513164
        1532.25	0.00127503602
        1533.75	0.000889110514
        1535.25	0.000380296046
        1536.75	0.000223253231
        1538.25	0.000353655543
        1539.75	0.000298814426
        1541.25	0.000146640479
        1542.75	0.000230276595
        1544.25	0.000402636727
        1545.75	0.000446320572
        1547.25	0.000400466193
        1548.75	0.000326739156
        1550.25	0.000246641088
        1551.75	0.000327065145
        1553.25	0.000647221638
        1554.75	0.000955614782
        1556.25	0.00102097776
        1557.75	0.000753679847
        1559.25	0.000354403051
        1560.75	0.000431953785
        1562.25	0.000734997186
        1563.75	0.000697368352
        1565.25	0.000389127348
        1566.75	0.00038313604
        1568.25	0.000683317937
        1569.75	0.000714531135
        1571.25	0.000389170359
        1572.75	0.000308769531
        1574.25	0.000732789901
        1575.75	0.000993254027
        1577.25	0.000887567862
        1578.75	0.000478688386
        1580.25	0.000254387293
        1581.75	0.000568047115
        1583.25	0.000851562815
        1584.75	0.000923518411
        1586.25	0.000885933266
        1587.75	0.000841385179
        1589.25	0.000753165787
        1590.75	0.000516462201
        1592.25	0.000230973444
        1593.75	0.000336545971
        1595.25	0.000590517933
        1596.75	0.000592941968
        1598.25	0.000446776236
        1599.75	0.00048644694
        1601.25	0.00067484911
        1602.75	0.000682073715
        1604.25	0.000425524719
        1605.75	0.000172968357
        1607.25	0.000313044328
        1608.75	0.000460378086
        1610.25	0.000414371014
        1611.75	0.000299841243
        1613.25	0.000234678656
        1614.75	0.00027316869
        1616.25	0.000472139602
        1617.75	0.000781601818
        1619.25	0.00110522593
        1620.75	0.00139610091
        1622.25	0.00159368705
        1623.75	0.00158873943
        1625.25	0.00131014392
        1626.75	0.000871781271
        1628.25	0.000651170568
        1629.75	0.000760351729
        1631.25	0.000814865126
        1632.75	0.000717918083
        1634.25	0.000711254186
        1635.75	0.000812190864
        1637.25	0.000762740752
        1638.75	0.000466413833
        1640.25	0.000183903884
        1641.75	0.000292596116
        1643.25	0.000409335637
        1644.75	0.000350162875
        1646.25	0.000313039861
        1647.75	0.000372495451
        1649.25	0.000402427373
        1650.75	0.000372034319
        1652.25	0.00033990215
        1653.75	0.000361267761
        1655.25	0.000472728775
        1656.75	0.000608328462
        1658.25	0.000635944884
        1659.75	0.000528911763
        1661.25	0.000453045695
        1662.75	0.000507049088
        1664.25	0.000500182086
        1665.75	0.000327687677
        1667.25	0.000265938557
        1668.75	0.000424256628
        1670.25	0.000501234974
        1671.75	0.000565243283
        1673.25	0.000817606508
        1674.75	0.00106920191
        1676.25	0.00103581115
        1677.75	0.000710273125
        1679.25	0.000583683975
        1680.75	0.000953643927
        1682.25	0.00132466826
        1683.75	0.00140433633
        1685.25	0.0011976757
        1686.75	0.000787283366
        1688.25	0.000423841872
        1689.75	0.00060487508
        1691.25	0.00108091266
        1692.75	0.00135342392
        1694.25	0.00132249172
        1695.75	0.00107711764
        1697.25	0.000805907789
        1698.75	0.000638788034
        1700.25	0.000551992889
        1701.75	0.000469307908
        1703.25	0.000370442274
        1704.75	0.000430256084
        1706.25	0.00078459752
        1707.75	0.00119926517
        1709.25	0.00142112562
        1710.75	0.00139203096
        1712.25	0.00128820664
        1713.75	0.00131550744
        1715.25	0.00137856482
        1716.75	0.00124178718
        1718.25	0.000863039705
        1719.75	0.000432752591
        1721.25	0.000257197056
        1722.75	0.000275482153
        1724.25	0.000220466073
        1725.75	0.000151183091
        1727.25	0.000199286845
        1728.75	0.000366420371
        1730.25	0.000563352248
        1731.75	0.000657311476
        1733.25	0.000573285557
        1734.75	0.000419896791
        1736.25	0.000407802015
        1737.75	0.000461539919
        1739.25	0.000439623854
        1740.75	0.000515349908
        1742.25	0.000734709725
        1743.75	0.000838735625
        1745.25	0.000698635477
        1746.75	0.000536737135
        1748.25	0.000688628777
        1749.75	0.000969723043
        1751.25	0.0010862309
        1752.75	0.00101750767
        1754.25	0.000835601566
        1755.75	0.000572381345
        1757.25	0.000313584481
        1758.75	0.000392040416
        1760.25	0.000717748388
        1761.75	0.000928569026
        1763.25	0.000942826004
        1764.75	0.000802178575
        1766.25	0.000595448602
        1767.75	0.000433206954
        1769.25	0.000394499633
        1770.75	0.000388537192
        1772.25	0.000255550018
        1773.75	0.000214080674
        1775.25	0.000564648466
        1776.75	0.000971003837
        1778.25	0.00118892882
        1779.75	0.00116222896
        1781.25	0.000979041795
        1782.75	0.000832572941
        1784.25	0.000817746861
        1785.75	0.000812397457
        1787.25	0.000697415101
        1788.75	0.000515969709
        1790.25	0.000400723124
        1791.75	0.000356000019
        1793.25	0.00025700195
        1794.75	0.000173254201
        1796.25	0.000275122917
        1797.75	0.000383808297
        1799.25	0.000409519758
        1800.75	0.000550722109
        1802.25	0.000847686188
        1803.75	0.00106539485
        1805.25	0.00102205227
        1806.75	0.000702566627
        1808.25	0.000346851322
        1809.75	0.000425151721
        1811.25	0.000726357911
        1812.75	0.000872374334
        1814.25	0.000870119293
        1815.75	0.000793880977
        1817.25	0.000693117235
        1818.75	0.000587233365
        1820.25	0.00050330187
        1821.75	0.000481498139
        1823.25	0.000507224857
        1824.75	0.000496209394
        1826.25	0.000436484112
        1827.75	0.000510423149
        1829.25	0.000783033432
        1830.75	0.00103199139
        1832.25	0.00107926973
        1833.75	0.000912864548
        1835.25	0.000656461381
        1836.75	0.000478894384
        1838.25	0.000483353231
        1839.75	0.000645814738
        1841.25	0.000814274425
        1842.75	0.000813130056
        1844.25	0.000638786951
        1845.75	0.000609612071
        1847.25	0.000842278931
        1848.75	0.000955331037
        1850.25	0.00072401122
        1851.75	0.000361494571
        1853.25	0.000449029375
        1854.75	0.000771236855
        1856.25	0.00096732183
        1857.75	0.00118378865
        1859.25	0.00142272315
        1860.75	0.00147871718
        1862.25	0.00128695696
        1863.75	 0.001069089
        1865.25	0.00102269261
        1866.75	0.000991152715
        1868.25	0.000861394279
        1869.75	0.000864386631
        1871.25	0.00107441538
        1872.75	0.00127773607
        1874.25	0.00146077731
        1875.75	0.00169472753
        1877.25	0.00181265289
        1878.75	0.00157639635
        1880.25	0.00101421919
        1881.75	0.000671268194
        1883.25	0.000888607605
        1884.75	0.00105027833
        1886.25	0.000814037606
        1887.75	0.000360928329
        1889.25	0.000246926675
        1890.75	0.000428521489
        1892.25	0.000434079037
        1893.75	0.000332571199
        1895.25	0.000282530513
        1896.75	0.000328991209
        1898.25	0.000432612508
        1899.75	0.000519754379
        1901.25	0.000546463605
        1902.75	0.00055704818
        1904.25	0.000559235408
        1905.75	0.000443903702
        1907.25	0.000207185565
        1908.75	0.000273221843
        1910.25	0.000527926156
        1911.75	0.000513019196
        1913.25	0.000250226815
        1914.75	0.000264786914
        1916.25	0.000510073146
        1917.75	0.000478575604
        1919.25	0.000372826994
        1920.75	0.000591691597
        1922.25	0.000821638949
        1923.75	0.000697711159
        1925.25	0.000395133945
        1926.75	0.000483470519
        1928.25	0.000702992148
        1929.75	0.000537733786
        1931.25	0.00035971335
        1932.75	0.000718350056
        1934.25	0.00103409325
        1935.75	0.000905870475
        1937.25	0.00060523534
        1938.75	0.000712948066
        1940.25	0.000973735136
        1941.75	0.000848394567
        1943.25	0.00037785898
        1944.75	0.000351251574
        1946.25	0.000728721061
        1947.75	0.000766083924
        1949.25	0.000494383949
        1950.75	0.000317105297
        1952.25	0.000460260524
        1953.75	0.000601111464
        1955.25	0.000624063769
        1956.75	0.000564067371
        1958.25	0.000483571202
        1959.75	0.000587000324
        1961.25	0.000869869349
        1962.75	0.00103687325
        1964.25	0.000910951944
        1965.75	0.000530891818
        1967.25	0.000182831867
        1968.75	0.000230613076
        1970.25	0.000312486509
        1971.75	0.000238811383
        1973.25	0.000141194608
        1974.75	0.000155744602
        1976.25	0.000392123151
        1977.75	0.000690853546
        1979.25	0.000819397447
        1980.75	0.000654432753
        1982.25	0.00030119901
        1983.75	0.000274734294
        1985.25	0.000463239768
        1986.75	0.000367551852
        1988.25	0.000317818363
        1989.75	0.000680160486
        1991.25	0.00101856333
        1992.75	0.00105399251
        1994.25	0.000821884687
        1995.75	0.000509890625
        1997.25	0.000308479177
        1998.75	0.000268363195
        2000.25	0.000322497043
        2001.75	0.000325118315
        2003.25	0.00017460706
        2004.75	0.000298831825
        2006.25	0.000755332209
        2007.75	0.00106521176
        2009.25	0.00107453348
        2010.75	0.000868774689
        2012.25	0.000773251014
        2013.75	0.000917281378
        2015.25	0.00105278664
        2016.75	0.00105186924
        2018.25	0.000962539138
        2019.75	0.000775572453
        2021.25	0.000451573698
        2022.75	0.000371792364
        2024.25	0.000732046533
        2025.75	0.000970070182
        2027.25	0.000808332084
        2028.75	0.0003843843
        2030.25	0.000480853458
        2031.75	0.00099616029
        2033.25	0.0012244312
        2034.75	0.0010907443
        2036.25	0.000732911739
        2037.75	0.000415077812
        2039.25	0.000381703208
        2040.75	0.000547205689
        2042.25	0.000736757932
        2043.75	0.000907603086
        2045.25	0.00104950461
        2046.75	0.00115926052
        2048.25	0.0011935978
        2049.75	0.00107209687
        2051.25	0.000767690637
        2052.75	0.000426253215
        2054.25	0.00038722579
        2055.75	0.000592072041
        2057.25	0.000755445612
        2058.75	0.000868109379
        2060.25	0.000919148393
        2061.75	0.000815326459
        2063.25	0.000519613501
        2064.75	0.000215344728
        2066.25	0.000230046764
        2067.75	0.000272497921
        2069.25	0.00016210031
        2070.75	0.000336122496
        2072.25	0.000640482222
        2073.75	0.000708800368
        2075.25	0.000511833804
        2076.75	0.000321251255
        2078.25	0.000458375043
        2079.75	0.000682675065
        2081.25	0.000805487377
        2082.75	0.00087742026
        2084.25	0.000882870409
        2085.75	0.000734911235
        2087.25	0.000428126168
        2088.75	0.000188921175
        2090.25	0.000264683389
        2091.75	0.000397436002
        2093.25	0.000493958585
        2094.75	0.000598589656
        2096.25	0.000617281707
        2097.75	0.000480004813
        2099.25	0.000296136266
        2100.75	0.000274071655
        2102.25	0.000355360148
        2103.75	0.000440964526
        2105.25	0.000588140445
        2106.75	0.00075094764
        2108.25	0.000850303598
        2109.75	0.000895548071
        2111.25	0.000884705176
        2112.75	0.000741278433
        2114.25	0.000523248418
        2115.75	0.000593708206
        2117.25	0.000909884262
        2118.75	0.00102815357
        2120.25	0.000803846626
        2121.75	0.00048224925
        2123.25	0.000502331907
        2124.75	0.000640168157
        2126.25	0.000491268121
        2127.75	0.000209193189
        2129.25	0.000312330703
        2130.75	0.000491727708
        2132.25	0.000416964109
        2133.75	0.000364929492
        2135.25	0.000498295099
        2136.75	0.000523078968
        2138.25	0.000315226742
        2139.75	0.000302560106
        2141.25	0.000609395529
        2142.75	0.000773001544
        2144.25	0.000672859399
        2145.75	0.000407480879
        2147.25	0.000142199633
        2148.75	0.000100051264
        2150.25	0.000254311503
        2151.75	0.000393183483
        2153.25	0.000419348858
        2154.75	0.000284501164
        2156.25	0.000115437651
        2157.75	0.0001957832
        2159.25	0.000329577133
        2160.75	0.000368461284
        2162.25	0.000383428939
        2163.75	0.000388896988
        2165.25	0.000366324892
        2166.75	0.000366561747
        2168.25	0.000406193111
        2169.75	0.000428421784
        2171.25	0.000481863524
        2172.75	0.00062172719
        2174.25	0.000707479271
        2175.75	0.000581068088
        2177.25	0.000362608036
        2178.75	0.00048297585
        2180.25	0.000790012603
        2181.75	0.000862995948
        2183.25	0.000644270053
        2184.75	0.000352887021
        2186.25	0.0003635615
        2187.75	0.000515188586
        2189.25	0.000478802974
        2190.75	0.000305820227
        2192.25	0.000368435732
        2193.75	0.000708321352
        2195.25	0.000953705951
        2196.75	0.000896442524
        2198.25	0.000537954478
        2199.75	0.000505057328
        2201.25	0.00105893124
        2202.75	0.00148803756
        2204.25	0.00147185563
        2205.75	0.00103851837
        2207.25	0.000461088247
        2208.75	0.000267283988
        2210.25	0.00033892338
        2211.75	0.000189973201
        2213.25	0.000221412072
        2214.75	0.000489510731
        2216.25	0.000543184592
        2217.75	0.000340039046
        2219.25	0.000140493431
        2220.75	0.000261301613
        2222.25	0.000375362969
        2223.75	0.000382992853
        2225.25	0.000406213196
        2226.75	0.000423066951
        2228.25	0.000328999727
        2229.75	0.000262962955
        2231.25	0.000496904124
        2232.75	0.000840484292
        2234.25	0.00102050723
        2235.75	0.000919960116
        2237.25	0.00054734068
        2238.75	0.00021070463
        2240.25	0.000325853851
        2241.75	0.000414062615
        2243.25	0.000521310215
        2244.75	0.00106873861
        2246.25	0.00171868558
        2247.75	0.00199394253
        2249.25	0.00168504438
        2250.75	0.00090474138
        2252.25	0.00054064169
        2253.75	0.00103863095
        2255.25	0.00137150362
        2256.75	0.00123425477
        2258.25	0.000839125067
        2259.75	0.000496940817
        2261.25	0.000433721856
        2262.75	0.000666104796
        2264.25	0.00100774206
        2265.75	0.00121710663
        2267.25	0.00116362401
        2268.75	0.000949666351
        2270.25	0.00087105426
        2271.75	0.00101219555
        2273.25	0.00114132147
        2274.75	0.00113039851
        2276.25	0.00104731711
        2277.75	0.00101821933
        2279.25	0.00107259225
        2280.75	0.00109701451
        2282.25	0.000980449332
        2283.75	0.000812364726
        2285.25	0.000864777943
        2286.75	0.00110431571
        2288.25	0.00119749231
        2289.75	0.000986930152
        2291.25	0.000562845691
        2292.75	0.000195285702
        2294.25	0.00011991175
        2295.75	0.000197677518
        2297.25	0.00046740249
        2298.75	0.000818774402
        2300.25	0.0010001759
        2301.75	0.000912824602
        2303.25	0.000627625747
        2304.75	0.000415972011
        2306.25	0.000514943973
        2307.75	0.000734379889
        2309.25	0.000869801648
        2310.75	0.000885355209
        2312.25	0.000782317816
        2313.75	0.000582523038
        2315.25	0.000366335924
        2316.75	0.000317958927
        2318.25	0.000437058388
        2319.75	0.000475551727
        2321.25	0.000310108989
        2322.75	0.000227102622
        2324.25	0.000537277503
        2325.75	0.000858811113
        2327.25	0.000962591416
        2328.75	0.000880062963
        2330.25	0.00077324305
        2331.75	0.000744512691
        2333.25	0.000722468944
        2334.75	0.000630133331
        2336.25	0.000466356868
        2337.75	0.000325416343
        2339.25	0.000499553384
        2340.75	0.000920543758
        2342.25	0.00119526865
        2343.75	0.00108042649
        2345.25	0.000572849263
        2346.75	0.000461297881
        2348.25	0.00102603503
        2349.75	0.00135699986
        2351.25	0.00121043324
        2352.75	0.000826137223
        2354.25	0.00069416399
        2355.75	0.000791420568
        2357.25	0.000702956807
        2358.75	0.000599229708
        2360.25	0.000900350914
        2361.75	0.00134763805
        2363.25	0.00156757093
        2364.75	0.00148457324
        2366.25	0.00115629669
        2367.75	0.000774155331
        2369.25	0.000769171086
        2370.75	0.00117083788
        2372.25	0.00148452742
        2373.75	0.00144650875
        2375.25	0.00109602517
        2376.75	0.000725899012
        2378.25	0.000631781061
        2379.75	0.000627000376
        2381.25	0.000404199472
        2382.75	0.000217910138
        2384.25	0.000559406613
        2385.75	0.000996273147
        2387.25	0.0012467009
        2388.75	0.00126904584
        2390.25	0.00109979607
        2391.75	0.000882527458
        2393.25	0.000790163522
        2394.75	0.000796739301
        2396.25	0.000749445103
        2397.75	0.000654253142
        2399.25	0.000606755989
        2400.75	0.000533523051
        2402.25	0.000344082354
        2403.75	0.000405298971
        2405.25	0.000813495537
        2406.75	0.00109424962
        2408.25	0.00102673366
        2409.75	0.000641515207
        2411.25	0.000292074133
        2412.75	0.000366165022
        2414.25	0.000440037219
        2415.75	0.000356737045
        2417.25	0.000514815849
        2418.75	0.000814796004
        2420.25	0.000897628703
        2421.75	0.000792926747
        2423.25	0.00083653233
        2424.75	0.00108952994
        2426.25	0.00123482637
        2427.75	0.00118584247
        2429.25	0.00119456034
        2430.75	0.00139273001
        2432.25	0.0015310616
        2433.75	0.0013994883
        2435.25	0.00109776829
        2436.75	0.000900242405
        2438.25	0.000854632536
        2439.75	0.000761501555
        2441.25	0.000591218384
        2442.75	0.000445832912
        2444.25	0.000264138199
        2445.75	0.000272373681
        2447.25	0.000727816776
        2448.75	0.0011790809
        2450.25	0.00132102682
        2451.75	0.00109308276
        2453.25	0.000668503494
        2454.75	0.00042517433
        2456.25	0.000471062503
        2457.75	0.000549964294
        2459.25	0.000651353111
        2460.75	0.00075670708
        2462.25	0.000696716634
        2463.75	0.000451142011
        2465.25	0.000381445705
        2466.75	0.000619999391
        2468.25	0.000784500263
        2469.75	0.000775529574
        2471.25	0.000748569563
        2472.75	0.000798297816
        2474.25	0.000830486776
        2475.75	0.000763127965
        2477.25	0.000631792339
        2478.75	0.000497291069
        2480.25	0.000358488403
        2481.75	0.000181771521
        2483.25	0.000141928132
        2484.75	0.000381299238
        2486.25	0.000654357812
        2487.75	0.000810556849
        2489.25	0.00079978303
        2490.75	0.00073150555
        2492.25	0.000827732816
        2493.75	0.00107081598
        2495.25	0.00122283474
        2496.75	0.00114350713
        2498.25	0.000849538524
        2499.75	0.000527172627
        2501.25	0.000512259679
        2502.75	0.000727657265
        2504.25	0.00079085538
        2505.75	0.000637403507
        2507.25	0.000638676641
        2508.75	0.00100622875
        2510.25	0.00133522426
        2511.75	0.00132579263
        2513.25	0.00103192944
        2514.75	0.00078317326
        2516.25	0.000748348767
        2517.75	0.000646109683
        2519.25	0.000425136858
        2520.75	0.00057325223
        2522.25	0.000977495353
        2523.75	0.0011744896
        2525.25	0.00112555017
        2526.75	0.000984271183
        2528.25	0.000874011303
        2529.75	0.000852836645
        2531.25	0.000972683564
        2532.75	0.00111962424
        2534.25	0.00105394237
        2535.75	0.0006793438
        2537.25	0.000260885602
        2538.75	0.000332612952
        2540.25	0.00044143002
        2541.75	0.000236016521
        2543.25	0.000331469389
        2544.75	0.000723348146
        2546.25	0.000872616193
        2547.75	0.000781698406
        2549.25	0.000659609455
        2550.75	0.000594357088
        2552.25	0.000476402808
        2553.75	0.00040512158
        2555.25	0.000538600605
        2556.75	0.000700223039
        2558.25	0.000849749246
        2559.75	0.00108428916
        2561.25	0.00123396281
        2562.75	0.00102182313
        2564.25	0.000466149677
        2565.75	0.000488940155
        2567.25	0.00105217322
        2568.75	0.00118885767
        2570.25	0.000835453828
        2571.75	0.000501072321
        2573.25	0.000667086585
        2574.75	0.000808426554
        2576.25	0.000604331457
        2577.75	0.000346238443
        2579.25	0.000271710236
        2580.75	0.00026965898
        2582.25	0.000618910139
        2583.75	0.00117149849
        2585.25	 0.001431373
        2586.75	0.00120495191
        2588.25	0.000736060024
        2589.75	0.000691747388
        2591.25	0.000937137219
        2592.75	0.000816335108
        2594.25	0.000393264802
        2595.75	0.000460999144
        2597.25	0.000826655097
        2598.75	0.000787188704
        2600.25	0.000408460306
        2601.75	0.000361280815
        2603.25	0.000729217339
        2604.75	0.000931776482
        2606.25	0.00094193337
        2607.75	0.00085810925
        2609.25	0.000693677031
        2610.75	0.000517528077
        2612.25	0.000570682601
        2613.75	0.000795887518
        2615.25	0.000885818431
        2616.75	0.000740500752
        2618.25	0.000500005864
        2619.75	0.00049776443
        2621.25	0.000780017918
        2622.75	0.00108083086
        2624.25	0.0012862572
        2625.75	0.00139954108
        2627.25	0.00144126417
        2628.75	0.00138120373
        2630.25	0.00115593383
        2631.75	0.000774434397
        2633.25	0.000415962104
        2634.75	0.000304575907
        2636.25	0.000254692375
        2637.75	0.000140348334
        2639.25	0.000321484499
        2640.75	0.000562141174
        2642.25	0.000603727109
        2643.75	0.000611436376
        2645.25	0.000806458228
        2646.75	0.00104007633
        2648.25	0.0010632372
        2649.75	0.000830523865
        2651.25	0.000457427062
        2652.75	0.000235277557
        2654.25	0.000400284317
        2655.75	0.000649538922
        2657.25	0.000727486615
        2658.75	0.000554156908
        2660.25	0.000270537946
        2661.75	0.000366354726
        2663.25	0.00063618116
        2664.75	0.000636881209
        2666.25	0.000457417021
        2667.75	0.000496216299
        2669.25	0.000766346809
        2670.75	0.000924113261
        2672.25	0.0008799083
        2673.75	0.000697693383
        2675.25	0.000495661246
        2676.75	0.000473741259
        2678.25	0.000644477309
        2679.75	0.000731168431
        2681.25	0.00056335044
        2682.75	0.000294555753
        2684.25	0.000378101122
        2685.75	0.000623286414
        2687.25	0.000719950305
        2688.75	0.000820557637
        2690.25	0.000978916262
        2691.75	0.000982293206
        2693.25	0.000726325289
        2694.75	0.000563114151
        2696.25	0.00080151574
        2697.75	0.00103156888
        2699.25	0.000967657024
        2700.75	0.00073351651
        2702.25	0.000540505603
        2703.75	0.000372573825
        2705.25	0.000279243409
        2706.75	0.000499323912
        2708.25	0.000737602231
        2709.75	0.000703845023
        2711.25	0.000526720822
        2712.75	0.000536315212
        2714.25	0.000606123633
        2715.75	0.000391584497
        2717.25	0.000252721494
        2718.75	0.000622828009
        2720.25	0.000860856464
        2721.75	0.000689691003
        2723.25	0.000436412834
        2724.75	0.000656772507
        2726.25	0.000991577424
        2727.75	0.0010278085
        2729.25	0.000878078668
        2730.75	0.000788121941
        2732.25	0.000753410352
        2733.75	0.000602915316
        2735.25	0.000358341942
        2736.75	0.000231673517
        2738.25	0.000258801032
        2739.75	0.000314546215
        2741.25	0.000367985463
        2742.75	0.000352858851
        2744.25	0.000351720443
        2745.75	0.000524847248
        2747.25	0.000667339699
        2748.75	0.000501205939
        2750.25	0.000274584365
        2751.75	0.000690084644
        2753.25	0.00121124633
        2754.75	0.00132683432
        2756.25	0.00100089531
        2757.75	0.000539102132
        2759.25	0.000493547287
        2760.75	0.000658622118
        2762.25	0.000554502051
        2763.75	0.000297275538
        2765.25	0.000273412765
        2766.75	0.000369540513
        2768.25	0.000296163695
        2769.75	0.000133231179
        2771.25	3.94901232e-05
        2772.75	7.650244e-05
        2774.25	0.000256962528
        2775.75	0.000423398458
        2777.25	0.000415876093
        2778.75	0.000207622303
        2780.25	0.000205447371
        2781.75	0.00049074086
        2783.25	0.000645878508
        2784.75	0.000612882919
        2786.25	0.000475146957
        2787.75	0.000342143601
        2789.25	0.000290172598
        2790.75	0.000326784665
        2792.25	0.000346993109
        2793.75	0.000234373121
        2795.25	0.000130510637
        2796.75	0.000316469845
        2798.25	0.000508745588
        2799.75	0.000542013421
        2801.25	0.000541141924
        2802.75	0.000693237193
        2804.25	0.000966456528
        2805.75	0.00121531187
        2807.25	0.00133023092
        2808.75	0.00120789691
        2810.25	0.000807567974
        2811.75	0.000459824538
        2813.25	0.000687593928
        2814.75	0.00100663521
        2816.25	0.000886627441
        2817.75	0.000404818627
        2819.25	0.000492117672
        2820.75	0.00110589246
        2822.25	0.00138519974
        2823.75	0.00124827573
        2825.25	0.000864727219
        2826.75	0.000571141405
        2828.25	0.000620334491
        2829.75	0.000833328129
        2831.25	0.000943127481
        2832.75	0.000838637048
        2834.25	0.000532793038
        2835.75	0.000232584116
        2837.25	0.000199572491
        2838.75	0.000222927085
        2840.25	0.000305141488
        2841.75	0.000556724538
        2843.25	0.000695013446
        2844.75	0.000549207105
        2846.25	0.000296570273
        2847.75	0.000353068073
        2849.25	0.000472468144
        2850.75	0.000299209243
        2852.25	0.000217157461
        2853.75	0.000483227972
        2855.25	0.000613080279
        2856.75	0.000596159198
        2858.25	0.000718139457
        2859.75	0.000874126668
        2861.25	0.000727096793
        2862.75	0.000472703833
        2864.25	0.000812595077
        2865.75	0.00138307761
        2867.25	0.00156248503
        2868.75	0.00128958528
        2870.25	0.000798593292
        2871.75	0.000418368784
        2873.25	0.000260795557
        2874.75	0.000365703017
        2876.25	0.000665363672
        2877.75	0.000812307305
        2879.25	0.000649293077
        2880.75	0.000525070025
        2882.25	0.000828845473
        2883.75	0.0011805964
        2885.25	0.00129303515
        2886.75	0.00128038232
        2888.25	0.00125989889
        2889.75	0.00112144057
        2891.25	0.000757517342
        2892.75	0.000425877314
        2894.25	0.000491916281
        2895.75	0.000624922736
        2897.25	0.000640513327
        2898.75	0.000775452344
        2900.25	0.000942433295
        2901.75	0.000872485435
        2903.25	0.000707211405
        2904.75	0.000893859789
        2906.25	0.00127158179
        2907.75	0.00138618875
        2909.25	0.00114974631
        2910.75	0.000743824052
        2912.25	0.000444320444
        2913.75	0.000418571861
        2915.25	0.000591582904
        2916.75	0.000761807242
        2918.25	0.00073340926
        2919.75	0.000440342163
        2921.25	0.000297834768
        2922.75	0.00060697044
        2924.25	0.000825475622
        2925.75	0.000716620267
        2927.25	0.000408702726
        2928.75	0.000363288188
        2930.25	0.000653230083
        2931.75	0.000863062288
        2933.25	0.000843670846
        2934.75	0.000582867573
        2936.25	0.000378263042
        2937.75	0.000668792979
        2939.25	0.00106209525
        2940.75	0.00111415467
        2942.25	0.000768439479
        2943.75	0.000479049342
        2945.25	0.000802726573
        2946.75	0.00120360263
        2948.25	0.00121337538
        2949.75	0.000885993585
        2951.25	0.00067445557
        2952.75	0.000938080119
        2954.25	0.00129787434
        2955.75	0.00141811429
        2957.25	0.00129696107
        2958.75	0.00106044051
        2960.25	0.000815352664
        2961.75	0.000589293223
        2963.25	0.00053459094
        2964.75	0.000815194028
        2966.25	0.0011755127
        2967.75	0.00129953756
        2969.25	0.00108157568
        2970.75	0.000615952918
        2972.25	0.00024208684
        2973.75	0.000292529067
        2975.25	0.00048047112
        2976.75	0.000732505291
        2978.25	0.00103685031
        2979.75	0.00116552184
        2981.25	0.00097775746
        2982.75	0.000542957422
        2984.25	0.000169849709
        2985.75	0.000137694014
        2987.25	0.000146907788
        2988.75	0.000441090222
        2990.25	0.000939568792
        2991.75	0.00127345034
        2993.25	0.0013288272
        2994.75	0.00120685333
        2996.25	0.00112959213
        2997.75	0.00114965929
        2999.25	0.0011020457
        3000.75	0.000883779331
        3002.25	0.000570509223
        3003.75	0.00037452623
        3005.25	0.000411413904
        3006.75	0.000500883688
        3008.25	0.00048756711
        3009.75	0.00035167691
        3011.25	0.00014918496
        3012.75	0.00011765724
        3014.25	0.000248915205
        3015.75	0.000318650625
        3017.25	0.000330631288
        3018.75	0.000298636931
        3020.25	0.000205848257
        3021.75	0.000153580012
        3023.25	0.000288920237
        3024.75	0.000490242882
        3026.25	0.000669464824
        3027.75	0.000822909748
        3029.25	0.000883386513
        3030.75	0.000729348543
        3032.25	0.0003465836
        3033.75	0.000378598187
        3035.25	0.000912217722
        3036.75	0.00123094753
        3038.25	0.00114583369
        3039.75	0.00073075114
        3041.25	0.000407413654
        3042.75	0.000510819738
        3044.25	0.000582749874
        3045.75	0.000349938339
        3047.25	0.00020853309
        3048.75	0.000432414913
        3050.25	0.000558393371
        3051.75	0.000511819128
        3053.25	0.000486448708
        3054.75	0.000491987113
        3056.25	0.00037921823
        3057.75	0.00032857653
        3059.25	0.000539210334
        3060.75	0.000674772792
        3062.25	0.000486063783
        3063.75	0.000262677498
        3065.25	0.000566685286
        3066.75	0.000927381929
        3068.25	0.000959621105
        3069.75	0.000710451691
        3071.25	0.000380419584
        3072.75	0.000159667738
        3074.25	0.000218895526
        3075.75	0.000521728513
        3077.25	0.000760926599
        3078.75	0.000697320846
        3080.25	0.000367911827
        3081.75	0.000515136705
        3083.25	0.00108469109
        3084.75	0.00134168736
        3086.25	0.00115274285
        3087.75	0.00080867518
        3089.25	0.000848003367
        3090.75	0.0011413207
        3092.25	0.00122462347
        3093.75	0.00107730842
        3095.25	0.000882449279
        3096.75	0.000669161915
        3098.25	0.000357290562
        3099.75	0.000406253192
        3101.25	0.000913778705
        3102.75	0.00127480772
        3104.25	0.0012762771
        3105.75	0.00095387332
        3107.25	0.000556380188
        3108.75	0.000468086328
        3110.25	0.000623321247
        3111.75	0.000676754392
        3113.25	0.000585455445
        3114.75	0.000496256488
        3116.25	0.000566337457
        3117.75	0.000739238332
        3119.25	0.000855554933
        3120.75	0.000849487069
        3122.25	0.000746876723
        3123.75	0.000609364035
        3125.25	0.000481222859
        3126.75	0.0003868638
        3128.25	0.00034269183
        3129.75	0.000317147699
        3131.25	0.000252362206
        3132.75	0.000177604552
        3134.25	0.000212919961
        3135.75	0.000328533442
        3137.25	0.000410660852
        3138.75	0.000420978596
        3140.25	0.000374782896
        3141.75	0.000403361762
        3143.25	0.00063162458
        3144.75	0.00094026859
        3146.25	0.00113688318
        3147.75	0.00111918561
        3149.25	0.000913545515
        3150.75	0.000696051177
        3152.25	0.000670331341
        3153.75	0.000791815104
        3155.25	0.000899199418
        3156.75	0.00096815607
        3158.25	0.00103506031
        3159.75	0.00108702709
        3161.25	0.00106977674
        3162.75	0.000949270611
        3164.25	0.000745379114
        3165.75	0.000536081943
        3167.25	0.00042366421
        3168.75	0.000422199669
        3170.25	0.000452700148
        3171.75	0.000497488701
        3173.25	0.000607128352
        3174.75	0.000784383897
        3176.25	0.000950450427
        3177.75	0.00100053697
        3179.25	0.000857655763
        3180.75	0.000513376689
        3182.25	0.000224401314
        3183.75	0.000439725597
        3185.25	0.000752647979
        3186.75	0.000826346362
        3188.25	0.000659664672
        3189.75	0.000387438289
        3191.25	0.000347401275
        3192.75	0.000563297324
        3194.25	0.000700347396
        3195.75	0.000650658625
        3197.25	0.000496714181
        3198.75	0.000427821043
        3200.25	0.000476639636
        3201.75	0.000488909732
        3203.25	0.000477394948
        3204.75	0.000587411547
        3206.25	0.000772138408
        3207.75	0.000883983293
        3209.25	0.000898062205
        3210.75	0.000850685013
        3212.25	0.000711827039
        3213.75	0.000421506262
        3215.25	0.000233794692
        3216.75	0.000469732286
        3218.25	0.000702321961
        3219.75	0.000747166273
        3221.25	0.000827500173
        3222.75	0.00105803955
        3224.25	0.00118788719
        3225.75	0.000971448672
        3227.25	0.000464111767
        3228.75	0.000438505427
        3230.25	0.00094796696
        3231.75	0.00119919769
        3233.25	0.00106641815
        3234.75	0.00072781527
        3236.25	0.000609104579
        3237.75	0.000857093734
        3239.25	0.00110618647
        3240.75	0.00111995021
        3242.25	0.000866741139
        3243.75	0.000480295518
        3245.25	0.000374122003
        3246.75	0.00057400478
        3248.25	0.000625511763
        3249.75	0.000421853684
        3251.25	0.000164314859
        3252.75	0.000255325885
        3254.25	0.000500544425
        3255.75	0.000698182389
        3257.25	0.000872185758
        3258.75	0.000973893513
        3260.25	0.000974823808
        3261.75	0.000922071919
        3263.25	0.000843021844
        3264.75	0.00067932939
        3266.25	0.000396106437
        3267.75	0.000174367804
        3269.25	0.000217026521
        3270.75	0.000232353819
        3272.25	0.000236802686
        3273.75	0.000488062133
        3275.25	0.000816711217
        3276.75	0.00107710658
        3278.25	0.00128626778
        3279.75	0.0014293975
        3281.25	0.00139786155
        3282.75	0.00110875965
        3284.25	0.000621940516
        3285.75	0.00020084905
        3287.25	0.000186683231
        3288.75	0.000263144161
        3290.25	0.000394868411
        3291.75	0.000733884343
        3293.25	0.00107872309
        3294.75	0.00128279544
        3296.25	0.00129739042
        3297.75	 0.001100163
        3299.25	0.000745200159
        3300.75	0.000581016797
        3302.25	0.000826539474
        3303.75	0.00104530906
        3305.25	0.000919059014
        3306.75	0.000541973927
        3308.25	0.000422776339
        3309.75	0.00062498224
        3311.25	0.000618338925
        3312.75	0.000362290601
        3314.25	0.000354588483
        3315.75	0.000597984522
        3317.25	0.000604857562
        3318.75	0.000382453137
        3320.25	0.000411493416
        3321.75	0.000736460562
        3323.25	0.000920384612
        3324.75	0.000861004411
        3326.25	0.000640897702
        3327.75	0.000419624201
        3329.25	0.000401426021
        3330.75	0.000570469334
        3332.25	0.000688105257
        3333.75	0.000612640915
        3335.25	0.000367906316
        3336.75	0.000263724752
        3338.25	0.000447707167
        3339.75	0.000585882074
        3341.25	0.000562265023
        3342.75	0.000462235042
        3344.25	0.000407356346
        3345.75	0.000461935534
        3347.25	0.000587120048
        3348.75	0.000665991663
        3350.25	0.000588293843
        3351.75	0.000398557559
        3353.25	0.000444472335
        3354.75	0.000772895346
        3356.25	0.00102744832
        3357.75	0.00105529051
        3359.25	0.000877808322
        3360.75	0.000612028325
        3362.25	0.000418399151
        3363.75	0.00038994946
        3365.25	0.000447990633
        3366.75	0.000485690618
        3368.25	0.00046992167
        3369.75	0.000406182759
        3371.25	0.000345081513
        3372.75	0.000367285526
        3374.25	0.000440420975
        3375.75	0.000423800532
        3377.25	0.000273182164
        3378.75	0.000302744663
        3380.25	0.000620979505
        3381.75	0.00084947747
        3383.25	0.000794272164
        3384.75	0.000476048652
        3386.25	0.000284715061
        3387.75	0.0004697058
        3389.25	0.000553399635
        3390.75	0.000341873104
        3392.25	0.000211658565
        3393.75	0.000434225597
        3395.25	0.000556773856
        3396.75	0.000510359211
        3398.25	0.00061181578
        3399.75	0.000908506216
        3401.25	0.0011102426
        3402.75	0.00108533331
        3404.25	0.000898998102
        3405.75	0.000670829568
        3407.25	0.000434800958
        3408.75	0.000210840875
        3410.25	0.000281284547
        3411.75	0.000590511793
        3413.25	0.000822834111
        3414.75	0.000876321078
        3416.25	0.000691355682
        3417.75	0.000357252213
        3419.25	0.000516239707
        3420.75	0.00114253485
        3422.25	0.00159654192
        3423.75	0.00165589737
        3425.25	0.00131593171
        3426.75	0.000834324496
        3428.25	0.000669414715
        3429.75	0.000802286496
        3431.25	0.000816575905
        3432.75	0.000676830971
        3434.25	0.000590379143
        3435.75	0.000592942408
        3437.25	0.000536599967
        3438.75	0.000395248635
        3440.25	0.000248255427
        3441.75	0.000110274444
        3443.25	0.000162916811
        3444.75	0.000425697818
        3446.25	0.0005990897
        3447.75	0.000541804818
        3449.25	0.000257288156
        3450.75	0.000294704998
        3452.25	0.000750330751
        3453.75	0.00109123257
        3455.25	0.00118688386
        3456.75	0.00102829624
        3458.25	0.000698920833
        3459.75	0.000437640845
        3461.25	0.000494074129
        3462.75	0.000678122156
        3464.25	0.000789673288
        3465.75	0.000916816533
        3467.25	0.00110781674
        3468.75	0.00120487752
        3470.25	0.00103014842
        3471.75	0.000615393758
        3473.25	0.000482401849
        3474.75	0.000823658369
        3476.25	0.00102591417
        3477.75	0.000868079759
        3479.25	0.00066920584
        3480.75	0.000870675523
        3482.25	0.00119083015
        3483.75	0.00120408867
        3485.25	0.000938706717
        3486.75	0.000796592042
        3488.25	0.0009562587
        3489.75	0.00102736517
        3491.25	0.00075118677
        3492.75	0.000302582473
        3494.25	0.000351221572
        3495.75	0.000642201701
        3497.25	0.00062002761
        3498.75	0.000438602068
        3500.25	0.000420877644
        3501.75	0.000491452399
        3503.25	0.000374793214
        3504.75	0.000245998692
        3506.25	0.000440152449
        3507.75	0.000658597991
        3509.25	0.000645170075
        3510.75	0.000469454316
        3512.25	0.000410396209
        3513.75	0.000585623143
        3515.25	0.000778817594
        3516.75	0.000852966745
        3518.25	0.000818976847
        3519.75	0.000823192009
        3521.25	0.00101275745
        3522.75	0.00127695233
        3524.25	0.00138522008
        3525.75	0.00124748395
        3527.25	0.000979714694
        3528.75	0.000808844364
        3530.25	0.000784844564
        3531.75	0.000750907416
        3533.25	0.000662460687
        3534.75	0.000616540504
        3536.25	0.00065306815
        3537.75	0.000711667694
        3539.25	0.00070288367
        3540.75	0.000527703885
        3542.25	0.000236032087
        3543.75	0.000359740272
        3545.25	0.000709862124
        3546.75	0.000709371041
        3548.25	0.00044906355
        3549.75	0.000741421551
        3551.25	0.00149708868
        3552.75	0.00196276794
        3554.25	0.00193021856
        3555.75	0.00159543352
        3557.25	0.00141747669
        3558.75	0.0014809209
        3560.25	0.00137531267
        3561.75	0.000917272207
        3563.25	0.00053608826
        3564.75	0.000698996908
        3566.25	0.000881825796
        3567.75	0.000697529012
        3569.25	0.000324054855
        3570.75	0.000224877758
        3572.25	0.000313108105
        3573.75	0.000274572898
        3575.25	0.000339193994
        3576.75	0.000491052866
        3578.25	0.000467995468
        3579.75	0.000241254037
        3581.25	0.000235545822
        3582.75	0.000555033361
        3584.25	0.000812878152
        3585.75	0.00093195821
        3587.25	0.000900922051
        3588.75	0.000708895174
        3590.25	0.000405498192
        3591.75	0.000264041113
        3593.25	0.00042098866
        3594.75	0.00056022929
        3596.25	0.000564145193
        3597.75	0.0005073725
        3599.25	0.000486761455
        3600.75	0.000540797624
        3602.25	0.00061695285
        3603.75	0.000615985965
        3605.25	0.00049011324
        3606.75	0.000348474015
        3608.25	0.000356875972
        3609.75	0.000391060342
        3611.25	0.000262585658
        3612.75	0.00013775068
        3614.25	0.000250856187
        3615.75	0.000288546629
        3617.25	0.000272332242
        3618.75	0.000544923258
        3620.25	0.000895955375
        3621.75	0.00098296922
        3623.25	0.00073537116
        3624.75	0.000450126418
        3626.25	0.000546083468
        3627.75	0.000711600861
        3629.25	0.00065017989
        3630.75	0.000673579454
        3632.25	0.000959166382
        3633.75	0.00114754314
        3635.25	0.000982804305
        3636.75	0.000536496183
        3638.25	0.000264372997
        3639.75	0.000367435311
        3641.25	0.000346245126
        3642.75	0.000363539866
        3644.25	0.000723298526
        3645.75	0.00107521278
        3647.25	0.00115360502
        3648.75	0.000951208298
        3650.25	0.000635784231
        3651.75	0.000484153805
        3653.25	0.000549423929
        3654.75	0.00058433521
        3656.25	0.000461640357
        3657.75	0.000344707468
        3659.25	0.000525663359
        3660.75	0.000843710993
        3662.25	0.00100214928
        3663.75	0.000897873225
        3665.25	0.000549797134
        3666.75	0.000231867691
        3668.25	0.000479067175
        3669.75	0.000928649446
        3671.25	0.00120980454
        3672.75	0.00124745074
        3674.25	0.00101649689
        3675.75	0.000591671312
        3677.25	0.00031176697
        3678.75	0.000453742958
        3680.25	0.000591692419
        3681.75	0.000476434228
        3683.25	0.000316192381
        3684.75	0.000489892414
        3686.25	0.000823338271
        3687.75	0.0010063583
        3689.25	0.000966227615
        3690.75	0.00074028846
        3692.25	0.000481244328
        3693.75	0.000426511266
        3695.25	0.000563260195
        3696.75	0.000691280588
        3698.25	0.000776701654
        3699.75	0.000855684505
        3701.25	0.000909930421
        3702.75	0.000885251898
        3704.25	0.000753480318
        3705.75	0.00053729687
        3707.25	0.000355738098
        3708.75	0.000381539439
        3710.25	0.000513478613
        3711.75	0.000554282687
        3713.25	0.000565936497
        3714.75	0.000732462174
        3716.25	0.000980402526
        3717.75	0.00106304172
        3719.25	0.000857941226
        3720.75	0.000434651109
        3722.25	0.000221801354
        3723.75	0.000383789515
        3725.25	0.00040170343
        3726.75	0.000243711058
        3728.25	0.000295405609
        3729.75	0.000539560874
        3731.25	0.000725060809
        3732.75	0.000884636598
        3734.25	0.00102341678
        3735.75	0.00102189748
        3737.25	0.000801931335
        3738.75	0.000499586599
        3740.25	0.000420880276
        3741.75	0.000477055407
        3743.25	0.0003425761
        3744.75	0.000195385711
        3746.25	0.000389315044
        3747.75	0.000535046665
        3749.25	0.000388129454
        3750.75	0.00030243506
        3752.25	0.000595031564
        3753.75	0.000809524881
        3755.25	0.000665870157
        3756.75	0.000428253365
        3758.25	0.00071878915
        3759.75	0.00124602698
        3761.25	0.00149766079
        3762.75	0.00139752977
        3764.25	0.00106513555
        3765.75	0.000694580493
        3767.25	0.000410698499
        3768.75	0.000277215883
        3770.25	0.000392572702
        3771.75	0.000650462549
        3773.25	0.000869910213
        3774.75	0.000986260318
        3776.25	0.000965147788
        3777.75	0.000763601677
        3779.25	0.000413014971
        3780.75	0.000338431419
        3782.25	0.000660835648
        3783.75	0.000867873658
        3785.25	0.000855433035
        3786.75	0.000872111148
        3788.25	0.00107090492
        3789.75	0.00120593046
        3791.25	0.00104823073
        3792.75	0.000769176032
        3794.25	0.000839372337
        3795.75	0.00114512242
        3797.25	0.00119229025
        3798.75	0.00085540022
        3800.25	0.00036474906
        3801.75	0.000304688575
        3803.25	0.000499332153
        3804.75	0.000470712921
        3806.25	0.000400709307
        3807.75	0.000444092828
        3809.25	0.000428112813
        3810.75	0.000335582979
        3812.25	0.000445743101
        3813.75	0.000668230876
        3815.25	0.000703432164
        3816.75	0.000513905996
        3818.25	0.000352926373
        3819.75	0.000459536265
        3821.25	0.000610410007
        3822.75	0.000626276963
        3824.25	0.000563280422
        3825.75	0.000527107347
        3827.25	0.000569084954
        3828.75	0.000646988974
        3830.25	0.000657552367
        3831.75	0.000521813959
        3833.25	0.000289547959
        3834.75	0.000231976055
        3836.25	0.00035385864
        3837.75	0.00039897996
        3839.25	0.000444706828
        3840.75	0.000588741627
        3842.25	0.000673666923
        3843.75	0.000544254388
        3845.25	0.000293372511
        3846.75	0.000333208862
        3848.25	0.00059516407
        3849.75	0.00074560825
        3851.25	0.000806556787
        3852.75	0.000836698035
        3854.25	0.000778988061
        3855.75	0.00057755866
        3857.25	0.000374442849
        3858.75	0.000391314926
        3860.25	0.000468289356
        3861.75	0.000412750223
        3863.25	0.000370615511
        3864.75	0.000477070773
        3866.25	0.000583210993
        3867.75	0.000597980902
        3869.25	0.000600913127
        3870.75	0.000650588441
        3872.25	0.00071256797
        3873.75	0.00075335591
        3875.25	0.000738193558
        3876.75	0.000608098112
        3878.25	0.000401831718
        3879.75	0.000356402037
        3881.25	0.00045671343
        3882.75	0.000392730411
        3884.25	0.000183793675
        3885.75	0.000319191542
        3887.25	0.000588508189
        3888.75	0.000622329981
        3890.25	0.000640202317
        3891.75	0.000894569038
        3893.25	0.00114337472
        3894.75	0.00106777854
        3896.25	0.000666053139
        3897.75	0.000407357126
        3899.25	0.000587792857
        3900.75	0.000684008069
        3902.25	0.000548764962
        3903.75	0.000508157853
        3905.25	0.000615791376
        3906.75	0.000676263444
        3908.25	0.000863365386
        3909.75	0.00124561635
        3911.25	0.00148146177
        3912.75	0.00131342902
        3914.25	0.000843153616
        3915.75	0.000605734647
        3917.25	0.000756560394
        3918.75	0.000735396485
        3920.25	0.000470728253
        3921.75	0.00053771306
        3923.25	0.000885105564
        3924.75	0.000994324313
        3926.25	0.000873054538
        3927.75	0.000810587201
        3929.25	0.000872253806
        3930.75	0.000815873631
        3932.25	0.000542832266
        3933.75	0.000227774474
        3935.25	0.000191161953
        3936.75	0.00035667709
        3938.25	0.000592853323
        3939.75	0.0008799078
        3941.25	0.0010718176
        3942.75	0.00107614742
        3944.25	0.000928783653
        3945.75	0.000741781076
        3947.25	0.000611922036
        3948.75	0.000568687206
        3950.25	0.00056992815
        3951.75	0.000533571414
        3953.25	0.000406160234
        3954.75	0.000195732324
        3956.25	0.000150072678
        3957.75	0.000445526528
        3959.25	0.000818937686
        3960.75	0.00108098451
        3962.25	0.0010704248
        3963.75	0.000752772012
        3965.25	0.000528112506
        3966.75	0.000814358267
        3968.25	0.00111836617
        3969.75	0.00101559207
        3971.25	0.000629304952
        3972.75	0.000598002181
        3974.25	0.000957176664
        3975.75	0.00107017186
        3977.25	0.000792074704
        3978.75	0.000423478129
        3980.25	0.000436910504
        3981.75	0.000583532483
        3983.25	0.00051285452
        3984.75	0.000404994544
        3986.25	0.000437453018
        3987.75	0.000425644366
        3989.25	0.000247613673
        3990.75	0.000208579369
        3992.25	0.00038465586
        3993.75	0.000423702964
        3995.25	0.000308045654
        3996.75	0.00030564486
        3998.25	0.000456806556
        3999.75	0.000515423181
        4001.25	0.000432560019
        4002.75	0.000333395683
        4004.25	0.000304182697
        4005.75	0.000282160659
        4007.25	0.000294097002
        4008.75	0.000415921766
        4010.25	0.000524595995
        4011.75	0.000479812153
        4013.25	0.000338712442
        4014.75	0.000404028405
        4016.25	0.000665524941
        4017.75	0.000804272163
        4019.25	0.000691201022
        4020.75	0.000438687449
        4022.25	0.00044370523
        4023.75	0.000694424313
        4025.25	0.000769634792
        4026.75	0.000527958632
        4028.25	0.000233854964
        4029.75	0.000471072668
        4031.25	0.00080416015
        4032.75	0.000807840784
        4034.25	0.000494003416
        4035.75	0.000289666386
        4037.25	0.000581701257
        4038.75	0.000870649985
        4040.25	0.00090966653
        4041.75	0.00080590437
        4043.25	0.00075057241
        4044.75	0.000764462751
        4046.25	0.000692376204
        4047.75	0.000465507271
        4049.25	0.000258878112
        4050.75	0.000337668842
        4052.25	0.000517083256
        4053.75	0.000595107591
        4055.25	0.000579976565
        4056.75	0.000470744051
        4058.25	0.000235646104
        4059.75	0.000202029428
        4061.25	0.000560577612
        4062.75	0.000893681592
        4064.25	0.00104461944
        4065.75	0.00101474533
        4067.25	0.000893240898
        4068.75	0.00074914797
        4070.25	0.000548632913
        4071.75	0.000308171448
        4073.25	0.000369928781
        4074.75	0.000700834895
        4076.25	0.000886599702
        4077.75	0.000781066279
        4079.25	0.000478373997
        4080.75	0.0004827322
        4082.25	0.000886264061
        4083.75	0.00118500609
        4085.25	0.00119355473
        4086.75	0.000999663539
        4088.25	0.000876024239
        4089.75	0.000971600326
        4091.25	0.00109530659
        4092.75	0.00106223315
        4094.25	0.000868204448
        4095.75	0.000570988883
        4097.25	0.000308214906
        4098.75	0.000482638389
        4100.25	0.000982700467
        4101.75	0.00137535972
        4103.25	0.00147108195
        4104.75	0.00122200796
        4106.25	0.000729739698
        4107.75	0.000258161266
        4109.25	0.000230079204
        4110.75	0.00037429387
        4112.25	0.000378991938
        4113.75	0.00038021402
        4115.25	0.000408082553
        4116.75	0.000409438422
        4118.25	0.000470096909
        4119.75	0.000689116596
        4121.25	0.000973645566
        4122.75	0.00117144625
        4124.25	0.00117751393
        4125.75	0.000949299887
        4127.25	0.00052932323
        4128.75	0.000218106684
        4130.25	0.000373204139
        4131.75	0.000532240154
        4133.25	0.000429301502
        4134.75	0.000212559328
        4136.25	0.000269707352
        4137.75	0.000489857614
        4139.25	0.000551367636
        4140.75	0.000413954254
        4142.25	0.00023238144
        4143.75	0.000428466785
        4145.25	0.000855432116
        4146.75	0.00113260319
        4148.25	0.00110869845
        4149.75	0.000766402169
        4151.25	0.000354406884
        4152.75	0.000398839676
        4154.25	0.00062544521
        4155.75	0.000620981457
        4157.25	0.000627756926
        4158.75	0.000855659674
        4160.25	0.00105234596
        4161.75	0.000962220381
        4163.25	0.000588717403
        4164.75	0.00023185046
        4166.25	0.000302388203
        4167.75	0.000423653312
        4169.25	0.00032133109
        4170.75	0.000153948164
        4172.25	0.000163428516
        4173.75	0.000331016145
        4175.25	0.000541968092
        4176.75	0.000704753727
        4178.25	0.00068713425
        4179.75	0.000436142421
        4181.25	0.000201965972
        4182.75	0.000400988467
        4184.25	0.000653926102
        4185.75	0.000680986379
        4187.25	0.000510831604
        4188.75	0.000301179578
        4190.25	0.000376861063
        4191.75	0.000687131533
        4193.25	0.000896566225
        4194.75	0.000836288497
        4196.25	0.000495766826
        4197.75	0.00032619457
        4199.25	0.000618087643
        4200.75	0.000772570517
        4202.25	0.000545449891
        4203.75	0.000411953481
        4205.25	0.000783353321
        4206.75	0.00104961187
        4208.25	0.000829501436
        4209.75	0.000524736235
        4211.25	0.000997559753
        4212.75	0.00174118134
        4214.25	0.0020633292
        4215.75	0.00184772428
        4217.25	0.00122658178
        4218.75	0.00049518189
        4220.25	0.000303188756
        4221.75	0.000584875745
        4223.25	0.000666447568
        4224.75	0.00055768103
        4226.25	0.000518179166
        4227.75	0.000684202894
        4229.25	0.000828259344
        4230.75	0.000737634514
        4232.25	0.000403373172
        4233.75	0.000209570368
        4235.25	0.000476887606
        4236.75	0.000801300529
        4238.25	0.00109665777
        4239.75	0.00135211709
        4241.25	0.00142750085
        4242.75	0.0012427148
        4244.25	0.000987032875
        4245.75	0.000978661131
        4247.25	0.00110487443
        4248.75	0.00103089572
        4250.25	0.00080136162
        4251.75	0.00077231036
        4253.25	0.000921462762
        4254.75	0.000874828061
        4256.25	0.000528837478
        4257.75	0.0001994582
        4259.25	0.000317125376
        4260.75	0.000455293026
        4262.25	0.000504800156
        4263.75	0.000688624008
        4265.25	0.000931536369
        4266.75	0.0010509797
        4268.25	0.00100272593
        4269.75	0.000828926399
        4271.25	0.000596598612
        4272.75	0.000408879807
        4274.25	0.000325492694
        4275.75	0.000221202397
        4277.25	0.000155258575
        4278.75	0.000381862727
        4280.25	0.000596889285
        4281.75	0.000553583879
        4283.25	0.000391825577
        4284.75	0.000526851281
        4286.25	0.000778534538
        4287.75	0.000715139196
        4289.25	0.000395746497
        4290.75	0.000509593297
        4292.25	0.000963790488
        4293.75	0.00110840732
        4295.25	0.000882054651
        4296.75	0.000579132351
        4298.25	0.000533781369
        4299.75	0.000597595403
        4301.25	0.000640280665
        4302.75	0.000781394399
        4304.25	0.000879482466
        4305.75	0.000695356668
        4307.25	0.000308788083
        4308.75	0.000361755411
        4310.25	0.000671655856
        4311.75	0.000643572187
        4313.25	0.000328743434
        4314.75	0.000207947632
        4316.25	0.000373542494
        4317.75	0.000411882359
        4319.25	0.000456651602
        4320.75	0.000596694721
        4322.25	0.000607035052
        4323.75	0.000372308226
        4325.25	0.000175789888
        4326.75	0.000303510957
        4328.25	0.000361733555
        4329.75	0.000320509399
        4331.25	0.000425081259
        4332.75	0.000540108843
        4334.25	0.000491119914
        4335.75	0.00046755199
        4337.25	0.000600454336
        4338.75	0.000630005495
        4340.25	0.000431335533
        4341.75	0.000411894266
        4343.25	0.000741084449
        4344.75	0.000984227309
        4346.25	0.00100859304
        4347.75	0.000912045705
        4349.25	0.000761878575
        4350.75	0.00069247006
        4352.25	0.00098395822
        4353.75	0.00145366296
        4355.25	0.00160992937
        4356.75	0.00119422256
        4358.25	0.000501076756
        4359.75	0.000778203156
        4361.25	0.00152951996
        4362.75	0.00166829466
        4364.25	0.00117611147
        4365.75	0.000452469252
        4367.25	0.000528752195
        4368.75	0.00100769834
        4370.25	0.00108544596
        4371.75	0.000871870634
        4373.25	0.000571419088
        4374.75	0.000315295877
        4376.25	0.000132788307
        4377.75	8.89654473e-05
        4379.25	0.000264832282
        4380.75	0.000587174747
        4382.25	0.000927132107
        4383.75	0.00113262933
        4385.25	0.0011262138
        4386.75	0.000969404413
        4388.25	0.000789862951
        4389.75	0.000640500893
        4391.25	0.000540764063
        4392.75	0.000549000974
        4394.25	0.000571649912
        4395.75	0.000494884479
        4397.25	0.0005877254
        4398.75	0.000993513636
        4400.25	0.00134059966
        4401.75	0.00135641506
        4403.25	0.00106405804
        4404.75	0.000750456118
        4406.25	0.000690267274
        4407.75	0.000773914639
        4409.25	0.00085370699
        4410.75	0.000933625769
        4412.25	0.000949591347
        4413.75	0.000903821998
        4415.25	0.000982638758
        4416.75	0.00119003439
        4418.25	0.00125181357
        4419.75	0.00100400581
        4421.25	0.000534978883
        4422.75	0.000231332928
        4424.25	0.000344802346
        4425.75	0.000477492546
        4427.25	0.000491759055
        4428.75	0.000386416452
        4430.25	0.000237473755
        4431.75	0.000370718257
        4433.25	0.000594910912
        4434.75	0.000496683962
        4436.25	0.000295400465
        4437.75	0.000747327838
        4439.25	0.00136428929
        4440.75	0.00156070026
        4442.25	0.00124241123
        4443.75	0.000670527515
        4445.25	0.000504151852
        4446.75	0.000689218801
        4448.25	0.000597604146
        4449.75	0.000255574659
        4451.25	0.000192324865
        4452.75	0.000295501019
        4454.25	0.000249387077
        4455.75	0.000410168885
        4457.25	0.000654507145
        4458.75	0.000691752527
        4460.25	0.00068891307
        4461.75	0.000895904595
        4463.25	0.00109965888
        4464.75	0.000992750717
        4466.25	0.000605010689
        4467.75	0.000460978207
        4469.25	0.000757723622
        4470.75	0.000990105425
        4472.25	0.00102843371
        4473.75	0.000966393035
        4475.25	0.000807345652
        4476.75	0.000488742658
        4478.25	0.00020278988
        4479.75	0.000377849273
        4481.25	0.000606314755
        4482.75	0.00058314672
        4484.25	0.000373475559
        4485.75	0.000169304999
        4487.25	0.000204732295
        4488.75	0.000329679533
        4490.25	0.000339168457
        4491.75	0.000226656099
        4493.25	0.000189731925
        4494.75	0.000303196414
        4496.25	0.000283156416
        4497.75	0.000208346145
        4499.25	0.000544151899
        4500.75	0.00100473559
        4502.25	0.00118044253
        4503.75	0.000942457846
        4505.25	0.000474416744
        4506.75	0.000483984073
        4508.25	0.000867304866
        4509.75	0.000960522405
        4511.25	0.000741939625
        4512.75	0.000478436581
        4514.25	0.000391430236
        4515.75	0.000332319879
        4517.25	0.000236036215
        4518.75	0.000324135934
        4520.25	0.000477911238
        4521.75	0.000485888091
        4523.25	0.00037096858
        4524.75	0.000254924924
        4526.25	0.000245583608
        4527.75	0.000352771906
        4529.25	0.000492714832
        4530.75	0.000578752334
        4532.25	0.00060143872
        4533.75	0.000608323028
        4535.25	0.000590850805
        4536.75	0.000500472239
        4538.25	0.00041075379
        4539.75	0.000436961988
        4541.25	0.000451320254
        4542.75	0.000278920854
        4544.25	0.000178093368
        4545.75	0.000436119069
        4547.25	0.000657309588
        4548.75	0.000711505409
        4550.25	0.000716627328
        4551.75	0.000747581015
        4553.25	0.000763027934
        4554.75	0.000818344368
        4556.25	0.000999995891
        4557.75	0.00118478842
        4559.25	0.00125467148
        4560.75	0.00133968142
        4562.25	0.00157178066
        4563.75	0.00177994945
        4565.25	0.00173641719
        4566.75	0.00146933679
        4568.25	0.00121126553
        4569.75	0.00104484538
        4571.25	0.000783578922
        4572.75	0.000355334419
        4574.25	0.000236102838
        4575.75	0.000416317496
        4577.25	0.000335121622
        4578.75	0.000334806874
        4580.25	0.000703513347
        4581.75	0.000978999193
        4583.25	0.000944959748
        4584.75	0.000750537124
        4586.25	0.000694717656
        4587.75	0.000775373639
        4589.25	0.000776408413
        4590.75	0.000693572392
        4592.25	0.000636366276
        4593.75	0.000618554711
        4595.25	0.000621467448
        4596.75	0.000646729628
        4598.25	0.00062107658
        4599.75	0.000477264679
        4601.25	0.00030983521
        4602.75	0.000257130499
        4604.25	0.000194922756
        4605.75	0.000117218587
        4607.25	0.00027635536
        4608.75	0.000401585583
        4610.25	0.000326481989
        4611.75	0.00033853157
        4613.25	0.000560178525
        4614.75	0.000613468746
        4616.25	0.000379314423
        4617.75	0.000460957387
        4619.25	0.000953145646
        4620.75	0.00117425823
        4622.25	0.000908671322
        4623.75	0.000544313388
        4625.25	0.000822526635
        4626.75	0.0012833201
        4628.25	0.00129714384
        4629.75	0.000896067527
        4631.25	0.000579012057
        4632.75	0.000738278614
        4634.25	0.000908143863
        4635.75	0.000753000646
        4637.25	0.000411290949
        4638.75	0.000380714066
        4640.25	0.000701156094
        4641.75	0.000914990204
        4643.25	0.00087151659
        4644.75	0.000574402921
        4646.25	0.000220247228
        4647.75	0.000308409714
        4649.25	0.000571978258
        4650.75	0.000624101387
        4652.25	0.000530068075
        4653.75	0.000384818772
        4655.25	0.000279396314
        4656.75	0.000364371346
        4658.25	0.000573106103
        4659.75	0.000662826917
        4661.25	0.00053022931
