0.000000000000000000e+00 1.135178303270344635e+00 2.000000000000000042e-02
9.960159362549800624e-03 1.119931164746628571e+00 2.000000000000000042e-02
1.992031872509960125e-02 1.115695788813559464e+00 2.000000000000000042e-02
2.988047808764940361e-02 1.120645304638157924e+00 2.000000000000000042e-02
3.984063745019920250e-02 1.097710503340804333e+00 2.000000000000000042e-02
4.980079681274900139e-02 1.087548378383212500e+00 2.000000000000000042e-02
5.976095617529880721e-02 1.058869359225251605e+00 2.000000000000000042e-02
6.972111553784859916e-02 9.795205817009529081e-01 2.000000000000000042e-02
7.968127490039840499e-02 8.890242225538352860e-01 2.000000000000000042e-02
8.964143426294821082e-02 8.643275345413217181e-01 2.000000000000000042e-02
9.960159362549800277e-02 8.710211523193757133e-01 2.000000000000000042e-02
1.095617529880478086e-01 8.574631737884861327e-01 2.000000000000000042e-02
1.195219123505976144e-01 9.025718133997910897e-01 2.000000000000000042e-02
1.294820717131474064e-01 9.794803509926548468e-01 2.000000000000000042e-02
1.394422310756971983e-01 1.030354962537664676e+00 2.000000000000000042e-02
1.494023904382470180e-01 1.063061208770175847e+00 2.000000000000000042e-02
1.593625498007968100e-01 1.105942527442080436e+00 2.000000000000000042e-02
1.693227091633466019e-01 1.105277726040534203e+00 2.000000000000000042e-02
1.792828685258964216e-01 1.117941539409882612e+00 2.000000000000000042e-02
1.892430278884462136e-01 1.120312507691357151e+00 2.000000000000000042e-02
1.992031872509960055e-01 1.117101175060329021e+00 2.000000000000000042e-02
2.091633466135458252e-01 1.118794724977292931e+00 2.000000000000000042e-02
2.191235059760956172e-01 1.130580868390614890e+00 2.000000000000000042e-02
2.290836653386454091e-01 1.119880661480708639e+00 2.000000000000000042e-02
2.390438247011952289e-01 1.114460020923108141e+00 2.000000000000000042e-02
2.490039840637450208e-01 1.102099374405459686e+00 2.000000000000000042e-02
2.589641434262948128e-01 1.142199994054662548e+00 2.000000000000000042e-02
2.689243027888446047e-01 1.123283006352353786e+00 2.000000000000000042e-02
2.788844621513943967e-01 1.119641704307109187e+00 2.000000000000000042e-02
2.888446215139442441e-01 1.141674541132413401e+00 2.000000000000000042e-02
2.988047808764940361e-01 1.117374656211824080e+00 2.000000000000000042e-02
3.087649402390438280e-01 1.131342779633057516e+00 2.000000000000000042e-02
3.187250996015936200e-01 1.128954354662979886e+00 2.000000000000000042e-02
3.286852589641434119e-01 1.130260306245105539e+00 2.000000000000000042e-02
3.386454183266932039e-01 1.121062523826781954e+00 2.000000000000000042e-02
3.486055776892429958e-01 1.122248537070859919e+00 2.000000000000000042e-02
3.585657370517928433e-01 1.133496151844104460e+00 2.000000000000000042e-02
3.685258964143426352e-01 1.134622182361177067e+00 2.000000000000000042e-02
3.784860557768924272e-01 1.131147263020268801e+00 2.000000000000000042e-02
3.884462151394422191e-01 1.118551332546035892e+00 2.000000000000000042e-02
3.984063745019920111e-01 1.121625411388669669e+00 2.000000000000000042e-02
4.083665338645418030e-01 1.136862658791718328e+00 2.000000000000000042e-02
4.183266932270916505e-01 1.116018519591122748e+00 2.000000000000000042e-02
4.282868525896414424e-01 1.113044030802902373e+00 2.000000000000000042e-02
4.382470119521912344e-01 1.131709562972871064e+00 2.000000000000000042e-02
4.482071713147410263e-01 1.127032609406970476e+00 2.000000000000000042e-02
4.581673306772908183e-01 1.124286116827933446e+00 2.000000000000000042e-02
4.681274900398406102e-01 1.145111903931434361e+00 2.000000000000000042e-02
4.780876494023904577e-01 1.113750715430178229e+00 2.000000000000000042e-02
4.880478087649402497e-01 1.139426259875542025e+00 2.000000000000000042e-02
4.980079681274900416e-01 1.130850785224109867e+00 2.000000000000000042e-02
5.079681274900398336e-01 1.126241210390311887e+00 2.000000000000000042e-02
5.179282868525896255e-01 1.121001203699913074e+00 2.000000000000000042e-02
5.278884462151394175e-01 1.126205953015467109e+00 2.000000000000000042e-02
5.378486055776892094e-01 1.115630340108073826e+00 2.000000000000000042e-02
5.478087649402390014e-01 1.118086276494573150e+00 2.000000000000000042e-02
5.577689243027887933e-01 1.120261212106520299e+00 2.000000000000000042e-02
5.677290836653385853e-01 1.133182213197938548e+00 2.000000000000000042e-02
5.776892430278884882e-01 1.134453986959651273e+00 2.000000000000000042e-02
5.876494023904382802e-01 1.116196305507374253e+00 2.000000000000000042e-02
5.976095617529880721e-01 1.135659053801467477e+00 2.000000000000000042e-02
6.075697211155378641e-01 1.119560572940452525e+00 2.000000000000000042e-02
6.175298804780876560e-01 1.114878923126229715e+00 2.000000000000000042e-02
6.274900398406374480e-01 1.129625594903746366e+00 2.000000000000000042e-02
6.374501992031872399e-01 1.128245061616437450e+00 2.000000000000000042e-02
6.474103585657370319e-01 1.114351837004413426e+00 2.000000000000000042e-02
6.573705179282868238e-01 1.095790479493785829e+00 2.000000000000000042e-02
6.673306772908366158e-01 1.096850236885872798e+00 2.000000000000000042e-02
6.772908366533864077e-01 1.058794390051800205e+00 2.000000000000000042e-02
6.872509960159361997e-01 1.036410673967682383e+00 2.000000000000000042e-02
6.972111553784859916e-01 1.004045621981091818e+00 2.000000000000000042e-02
7.071713147410358946e-01 9.877339107218223724e-01 2.000000000000000042e-02
7.171314741035856866e-01 9.904978395699796101e-01 2.000000000000000042e-02
7.270916334661354785e-01 9.956544705853018762e-01 2.000000000000000042e-02
7.370517928286852705e-01 9.979410504958531325e-01 2.000000000000000042e-02
7.470119521912350624e-01 1.035798637700430236e+00 2.000000000000000042e-02
7.569721115537848544e-01 1.040053068640267142e+00 2.000000000000000042e-02
7.669322709163346463e-01 1.080209718041191147e+00 2.000000000000000042e-02
7.768924302788844383e-01 1.088881417436390109e+00 2.000000000000000042e-02
7.868525896414342302e-01 1.135226997982597297e+00 2.000000000000000042e-02
7.968127490039840222e-01 1.126070843831280976e+00 2.000000000000000042e-02
8.067729083665338141e-01 1.116500598055021998e+00 2.000000000000000042e-02
8.167330677290836061e-01 1.128191739818801942e+00 2.000000000000000042e-02
8.266932270916333980e-01 1.125753924881000900e+00 2.000000000000000042e-02
8.366533864541833010e-01 1.119234263638339000e+00 2.000000000000000042e-02
8.466135458167330929e-01 1.129802250712359735e+00 2.000000000000000042e-02
8.565737051792828849e-01 1.118857973533323280e+00 2.000000000000000042e-02
8.665338645418326768e-01 1.140769944781957035e+00 2.000000000000000042e-02
8.764940239043824688e-01 1.131238674083263840e+00 2.000000000000000042e-02
8.864541832669322607e-01 1.124581942586449390e+00 2.000000000000000042e-02
8.964143426294820527e-01 1.125749276211646555e+00 2.000000000000000042e-02
9.063745019920318446e-01 1.136308946712035972e+00 2.000000000000000042e-02
9.163346613545816366e-01 1.128890595389337337e+00 2.000000000000000042e-02
9.262948207171314285e-01 1.144019508334891633e+00 2.000000000000000042e-02
9.362549800796812205e-01 1.129377583263988072e+00 2.000000000000000042e-02
9.462151394422310124e-01 1.131923157662098278e+00 2.000000000000000042e-02
9.561752988047809154e-01 1.132329156977064155e+00 2.000000000000000042e-02
9.661354581673307074e-01 1.123310409675006172e+00 2.000000000000000042e-02
9.760956175298804993e-01 1.122392218032893574e+00 2.000000000000000042e-02
9.860557768924302913e-01 1.115061009648546264e+00 2.000000000000000042e-02
9.960159362549800832e-01 1.122494452106388207e+00 2.000000000000000042e-02
1.005976095617529875e+00 1.121662227279912827e+00 2.000000000000000042e-02
1.015936254980079667e+00 1.123367664468678528e+00 2.000000000000000042e-02
1.025896414342629459e+00 1.109918174948876013e+00 2.000000000000000042e-02
1.035856573705179251e+00 1.116312578804034450e+00 2.000000000000000042e-02
1.045816733067729043e+00 1.102465990981724486e+00 2.000000000000000042e-02
1.055776892430278835e+00 1.051282536493299835e+00 2.000000000000000042e-02
1.065737051792828627e+00 9.954761669648259925e-01 2.000000000000000042e-02
1.075697211155378419e+00 9.439648208469338941e-01 2.000000000000000042e-02
1.085657370517928211e+00 8.802188404114517084e-01 2.000000000000000042e-02
1.095617529880478003e+00 8.546070132477330272e-01 2.000000000000000042e-02
1.105577689243027795e+00 8.659922423928597679e-01 2.000000000000000042e-02
1.115537848605577587e+00 8.859398482139704267e-01 2.000000000000000042e-02
1.125498007968127379e+00 9.519479291918696573e-01 2.000000000000000042e-02
1.135458167330677171e+00 1.014384421136455661e+00 2.000000000000000042e-02
1.145418326693226962e+00 1.079921739596435337e+00 2.000000000000000042e-02
1.155378486055776976e+00 1.106038932200855918e+00 2.000000000000000042e-02
1.165338645418326768e+00 1.119299588806349721e+00 2.000000000000000042e-02
1.175298804780876560e+00 1.122421347150451387e+00 2.000000000000000042e-02
1.185258964143426352e+00 1.113983800505179866e+00 2.000000000000000042e-02
1.195219123505976144e+00 1.134245321193963596e+00 2.000000000000000042e-02
1.205179282868525936e+00 1.130164468886541540e+00 2.000000000000000042e-02
1.215139442231075728e+00 1.119191541047835470e+00 2.000000000000000042e-02
1.225099601593625520e+00 1.123040136609803064e+00 2.000000000000000042e-02
1.235059760956175312e+00 1.126975383166021638e+00 2.000000000000000042e-02
1.245019920318725104e+00 1.110917890742439518e+00 2.000000000000000042e-02
1.254980079681274896e+00 1.132709371326050984e+00 2.000000000000000042e-02
1.264940239043824688e+00 1.112064509790577471e+00 2.000000000000000042e-02
1.274900398406374480e+00 1.129155923551478313e+00 2.000000000000000042e-02
1.284860557768924272e+00 1.124504149303144240e+00 2.000000000000000042e-02
1.294820717131474064e+00 1.129869681366373557e+00 2.000000000000000042e-02
1.304780876494023856e+00 1.100690091963757444e+00 2.000000000000000042e-02
1.314741035856573648e+00 1.137711707599474487e+00 2.000000000000000042e-02
1.324701195219123440e+00 1.134777906637851386e+00 2.000000000000000042e-02
1.334661354581673232e+00 1.132122397703416716e+00 2.000000000000000042e-02
1.344621513944223024e+00 1.106928732385365155e+00 2.000000000000000042e-02
1.354581673306772815e+00 1.135298032452704442e+00 2.000000000000000042e-02
1.364541832669322607e+00 1.134074245181895702e+00 2.000000000000000042e-02
1.374501992031872399e+00 1.126707018873751132e+00 2.000000000000000042e-02
1.384462151394422191e+00 1.140872721526699163e+00 2.000000000000000042e-02
1.394422310756971983e+00 1.127713313112145066e+00 2.000000000000000042e-02
1.404382470119521997e+00 1.134379349112467184e+00 2.000000000000000042e-02
1.414342629482071789e+00 1.135950584341511638e+00 2.000000000000000042e-02
1.424302788844621581e+00 1.127284502231405972e+00 2.000000000000000042e-02
1.434262948207171373e+00 1.129662941984966862e+00 2.000000000000000042e-02
1.444223107569721165e+00 1.118987774083797238e+00 2.000000000000000042e-02
1.454183266932270957e+00 1.122917609391124172e+00 2.000000000000000042e-02
1.464143426294820749e+00 1.124425263327721414e+00 2.000000000000000042e-02
1.474103585657370541e+00 1.127691615231527278e+00 2.000000000000000042e-02
1.484063745019920333e+00 1.105833957365007558e+00 2.000000000000000042e-02
1.494023904382470125e+00 1.145491386219504637e+00 2.000000000000000042e-02
1.503984063745019917e+00 1.111106693413137281e+00 2.000000000000000042e-02
1.513944223107569709e+00 1.114204109696126821e+00 2.000000000000000042e-02
1.523904382470119501e+00 1.117867854773485270e+00 2.000000000000000042e-02
1.533864541832669293e+00 1.119992888674713027e+00 2.000000000000000042e-02
1.543824701195219085e+00 1.138865003361579475e+00 2.000000000000000042e-02
1.553784860557768877e+00 1.120567466237598175e+00 2.000000000000000042e-02
1.563745019920318668e+00 1.133148202894083578e+00 2.000000000000000042e-02
1.573705179282868460e+00 1.128074137936624588e+00 2.000000000000000042e-02
1.583665338645418252e+00 1.109801839962500036e+00 2.000000000000000042e-02
1.593625498007968044e+00 1.110325821801606327e+00 2.000000000000000042e-02
1.603585657370517836e+00 1.130201740548144818e+00 2.000000000000000042e-02
1.613545816733067628e+00 1.115078637835995368e+00 2.000000000000000042e-02
1.623505976095617420e+00 1.105609497115689122e+00 2.000000000000000042e-02
1.633466135458167212e+00 1.127099792783267773e+00 2.000000000000000042e-02
1.643426294820717004e+00 1.128047275284395523e+00 2.000000000000000042e-02
1.653386454183266796e+00 1.103313014709172535e+00 2.000000000000000042e-02
1.663346613545816810e+00 1.092332759970161105e+00 2.000000000000000042e-02
1.673306772908366602e+00 1.062713362545030460e+00 2.000000000000000042e-02
1.683266932270916394e+00 1.040683016174444919e+00 2.000000000000000042e-02
1.693227091633466186e+00 1.019602503318411957e+00 2.000000000000000042e-02
1.703187250996015978e+00 9.997926055207699836e-01 2.000000000000000042e-02
1.713147410358565770e+00 1.020924062907888175e+00 2.000000000000000042e-02
1.723107569721115562e+00 9.994490793111715510e-01 2.000000000000000042e-02
1.733067729083665354e+00 1.005402469996717452e+00 2.000000000000000042e-02
1.743027888446215146e+00 1.006216883218900016e+00 2.000000000000000042e-02
1.752988047808764938e+00 1.047655923435012015e+00 2.000000000000000042e-02
1.762948207171314730e+00 1.071230136267659061e+00 2.000000000000000042e-02
1.772908366533864521e+00 1.117825710282032592e+00 2.000000000000000042e-02
1.782868525896414313e+00 1.113597460239695192e+00 2.000000000000000042e-02
1.792828685258964105e+00 1.132210052389553967e+00 2.000000000000000042e-02
1.802788844621513897e+00 1.105282225907966653e+00 2.000000000000000042e-02
1.812749003984063689e+00 1.129132865693964760e+00 2.000000000000000042e-02
1.822709163346613481e+00 1.121057025774943705e+00 2.000000000000000042e-02
1.832669322709163273e+00 1.116452189689414620e+00 2.000000000000000042e-02
1.842629482071713065e+00 1.130940935838608219e+00 2.000000000000000042e-02
1.852589641434262857e+00 1.117975074202837593e+00 2.000000000000000042e-02
1.862549800796812649e+00 1.126624441493746298e+00 2.000000000000000042e-02
1.872509960159362441e+00 1.126290921917134646e+00 2.000000000000000042e-02
1.882470119521912233e+00 1.122274643774698655e+00 2.000000000000000042e-02
1.892430278884462025e+00 1.141863011199810041e+00 2.000000000000000042e-02
1.902390438247011817e+00 1.133568449930818955e+00 2.000000000000000042e-02
1.912350597609561831e+00 1.129896477034379787e+00 2.000000000000000042e-02
1.922310756972111623e+00 1.152289196445525965e+00 2.000000000000000042e-02
1.932270916334661415e+00 1.151656703131422876e+00 2.000000000000000042e-02
1.942231075697211207e+00 1.138272779278052704e+00 2.000000000000000042e-02
1.952191235059760999e+00 1.155715640747297490e+00 2.000000000000000042e-02
1.962151394422310791e+00 1.127253033210528388e+00 2.000000000000000042e-02
1.972111553784860583e+00 1.131141319705134762e+00 2.000000000000000042e-02
1.982071713147410374e+00 1.135782815792108824e+00 2.000000000000000042e-02
1.992031872509960166e+00 1.124108759731130114e+00 2.000000000000000042e-02
2.001992031872509958e+00 1.129517368508591080e+00 2.000000000000000042e-02
2.011952191235059750e+00 1.116274894288151964e+00 2.000000000000000042e-02
2.021912350597609542e+00 1.124022258681594888e+00 2.000000000000000042e-02
2.031872509960159334e+00 1.100749997447006967e+00 2.000000000000000042e-02
2.041832669322709126e+00 1.099342556705111829e+00 2.000000000000000042e-02
2.051792828685258918e+00 1.087029102447777396e+00 2.000000000000000042e-02
2.061752988047808710e+00 1.025341284450022927e+00 2.000000000000000042e-02
2.071713147410358502e+00 9.491747269453735258e-01 2.000000000000000042e-02
2.081673306772908294e+00 9.127920396177637841e-01 2.000000000000000042e-02
2.091633466135458086e+00 8.667974667136795208e-01 2.000000000000000042e-02
2.101593625498007878e+00 8.469066486736624988e-01 2.000000000000000042e-02
2.111553784860557670e+00 8.769062223447120497e-01 2.000000000000000042e-02
2.121513944223107462e+00 9.428804927535517910e-01 2.000000000000000042e-02
2.131474103585657254e+00 9.886530969455490370e-01 2.000000000000000042e-02
2.141434262948207046e+00 1.061393893321126214e+00 2.000000000000000042e-02
2.151394422310756838e+00 1.106118905181298739e+00 2.000000000000000042e-02
2.161354581673306630e+00 1.124883695858494681e+00 2.000000000000000042e-02
2.171314741035856422e+00 1.102166200775353433e+00 2.000000000000000042e-02
2.181274900398406213e+00 1.138327504994130157e+00 2.000000000000000042e-02
2.191235059760956005e+00 1.116836766791441837e+00 2.000000000000000042e-02
2.201195219123505797e+00 1.091497958566489235e+00 2.000000000000000042e-02
2.211155378486055589e+00 1.114730094996407850e+00 2.000000000000000042e-02
2.221115537848605381e+00 1.121374866223620925e+00 2.000000000000000042e-02
2.231075697211155173e+00 1.125502111524281590e+00 2.000000000000000042e-02
2.241035856573704965e+00 1.128762599558772228e+00 2.000000000000000042e-02
2.250996015936254757e+00 1.132769871088386227e+00 2.000000000000000042e-02
2.260956175298804549e+00 1.108243930305445657e+00 2.000000000000000042e-02
2.270916334661354341e+00 1.123230907565553105e+00 2.000000000000000042e-02
2.280876494023904133e+00 1.140363267350082754e+00 2.000000000000000042e-02
2.290836653386453925e+00 1.130352690110064451e+00 2.000000000000000042e-02
2.300796812749004161e+00 1.113019747824844474e+00 2.000000000000000042e-02
2.310756972111553953e+00 1.126713843552985095e+00 2.000000000000000042e-02
2.320717131474103745e+00 1.112870729899602118e+00 2.000000000000000042e-02
2.330677290836653537e+00 1.128739827082095637e+00 2.000000000000000042e-02
2.340637450199203329e+00 1.114924097021858129e+00 2.000000000000000042e-02
2.350597609561753121e+00 1.118212517027784347e+00 2.000000000000000042e-02
2.360557768924302913e+00 1.135034211146435101e+00 2.000000000000000042e-02
2.370517928286852705e+00 1.121611378526761627e+00 2.000000000000000042e-02
2.380478087649402497e+00 1.126365009628676805e+00 2.000000000000000042e-02
2.390438247011952289e+00 1.133574428700928172e+00 2.000000000000000042e-02
2.400398406374502080e+00 1.110513016397375763e+00 2.000000000000000042e-02
2.410358565737051872e+00 1.105265612615568438e+00 2.000000000000000042e-02
2.420318725099601664e+00 1.133046415291939946e+00 2.000000000000000042e-02
2.430278884462151456e+00 1.113725446359475235e+00 2.000000000000000042e-02
2.440239043824701248e+00 1.139626973815924371e+00 2.000000000000000042e-02
2.450199203187251040e+00 1.134277765272009297e+00 2.000000000000000042e-02
2.460159362549800832e+00 1.131807555406898924e+00 2.000000000000000042e-02
2.470119521912350624e+00 1.122892556576644107e+00 2.000000000000000042e-02
2.480079681274900416e+00 1.125317470380417628e+00 2.000000000000000042e-02
2.490039840637450208e+00 1.121400111348879847e+00 2.000000000000000042e-02
2.500000000000000000e+00 1.125575986396537775e+00 2.000000000000000042e-02
2.509960159362549792e+00 1.125246135668963143e+00 2.000000000000000042e-02
2.519920318725099584e+00 1.120573278570372144e+00 2.000000000000000042e-02
2.529880478087649376e+00 1.119576703574707066e+00 2.000000000000000042e-02
2.539840637450199168e+00 1.144959163267717628e+00 2.000000000000000042e-02
2.549800796812748960e+00 1.114145205485143952e+00 2.000000000000000042e-02
2.559760956175298752e+00 1.111204305918353175e+00 2.000000000000000042e-02
2.569721115537848544e+00 1.128440284417507433e+00 2.000000000000000042e-02
2.579681274900398336e+00 1.124026514591664139e+00 2.000000000000000042e-02
2.589641434262948128e+00 1.109633506192321040e+00 2.000000000000000042e-02
2.599601593625497920e+00 1.098841031364732546e+00 2.000000000000000042e-02
2.609561752988047711e+00 1.127426176090753129e+00 2.000000000000000042e-02
2.619521912350597503e+00 1.134548941316027681e+00 2.000000000000000042e-02
2.629482071713147295e+00 1.123387547220616067e+00 2.000000000000000042e-02
2.639442231075697087e+00 1.116427286540063291e+00 2.000000000000000042e-02
2.649402390438246879e+00 1.138503135610305028e+00 2.000000000000000042e-02
2.659362549800796671e+00 1.103211891548488088e+00 2.000000000000000042e-02
2.669322709163346463e+00 1.080266126781026736e+00 2.000000000000000042e-02
2.679282868525896255e+00 1.051638068572281259e+00 2.000000000000000042e-02
2.689243027888446047e+00 1.033458626617745457e+00 2.000000000000000042e-02
2.699203187250995839e+00 1.003635995335617981e+00 2.000000000000000042e-02
2.709163346613545631e+00 9.990396638867267143e-01 2.000000000000000042e-02
2.719123505976095423e+00 9.978266914951476885e-01 2.000000000000000042e-02
2.729083665338645215e+00 9.858726014476902888e-01 2.000000000000000042e-02
2.739043824701195007e+00 1.018316194099891936e+00 2.000000000000000042e-02
2.749003984063744799e+00 1.044099757736766776e+00 2.000000000000000042e-02
2.758964143426294591e+00 1.065663877648037605e+00 2.000000000000000042e-02
2.768924302788844383e+00 1.119174065268511820e+00 2.000000000000000042e-02
2.778884462151394175e+00 1.119853414296797744e+00 2.000000000000000042e-02
2.788844621513943967e+00 1.109947097644417902e+00 2.000000000000000042e-02
2.798804780876493759e+00 1.114749254642384280e+00 2.000000000000000042e-02
2.808764940239043995e+00 1.116690344894280651e+00 2.000000000000000042e-02
2.818725099601593787e+00 1.138816536414158476e+00 2.000000000000000042e-02
2.828685258964143578e+00 1.125924931716584476e+00 2.000000000000000042e-02
2.838645418326693370e+00 1.102364998052898226e+00 2.000000000000000042e-02
2.848605577689243162e+00 1.133128270385655334e+00 2.000000000000000042e-02
2.858565737051792954e+00 1.125318168807180497e+00 2.000000000000000042e-02
2.868525896414342746e+00 1.122407453090653151e+00 2.000000000000000042e-02
2.878486055776892538e+00 1.138039969198759715e+00 2.000000000000000042e-02
2.888446215139442330e+00 1.138331782250836977e+00 2.000000000000000042e-02
2.898406374501992122e+00 1.154081446247535059e+00 2.000000000000000042e-02
2.908366533864541914e+00 1.117202487628434326e+00 2.000000000000000042e-02
2.918326693227091706e+00 1.115968773662953328e+00 2.000000000000000042e-02
2.928286852589641498e+00 1.129605956169569270e+00 2.000000000000000042e-02
2.938247011952191290e+00 1.131543303002907619e+00 2.000000000000000042e-02
2.948207171314741082e+00 1.130809557305235913e+00 2.000000000000000042e-02
2.958167330677290874e+00 1.136541095329035578e+00 2.000000000000000042e-02
2.968127490039840666e+00 1.136760060513957171e+00 2.000000000000000042e-02
2.978087649402390458e+00 1.136687217446199050e+00 2.000000000000000042e-02
2.988047808764940250e+00 1.133982100936812287e+00 2.000000000000000042e-02
2.998007968127490042e+00 1.132242972198544528e+00 2.000000000000000042e-02
3.007968127490039834e+00 1.116205170077361641e+00 2.000000000000000042e-02
3.017928286852589626e+00 1.113483631775492366e+00 2.000000000000000042e-02
3.027888446215139417e+00 1.113382587816234670e+00 2.000000000000000042e-02
3.037848605577689209e+00 1.110792090131049514e+00 2.000000000000000042e-02
3.047808764940239001e+00 1.082929964251910571e+00 2.000000000000000042e-02
3.057768924302788793e+00 1.057655146417084691e+00 2.000000000000000042e-02
3.067729083665338585e+00 9.740295159456681118e-01 2.000000000000000042e-02
3.077689243027888377e+00 9.314301160941844682e-01 2.000000000000000042e-02
3.087649402390438169e+00 8.806995836353080920e-01 2.000000000000000042e-02
3.097609561752987961e+00 8.670911774209921763e-01 2.000000000000000042e-02
3.107569721115537753e+00 8.614498453202521500e-01 2.000000000000000042e-02
3.117529880478087545e+00 8.767969314724742835e-01 2.000000000000000042e-02
3.127490039840637337e+00 9.673400299426904159e-01 2.000000000000000042e-02
3.137450199203187129e+00 1.016647064628705133e+00 2.000000000000000042e-02
3.147410358565736921e+00 1.059572631540786958e+00 2.000000000000000042e-02
3.157370517928286713e+00 1.094940485193766966e+00 2.000000000000000042e-02
3.167330677290836505e+00 1.096426071102901245e+00 2.000000000000000042e-02
3.177290836653386297e+00 1.121383413011332708e+00 2.000000000000000042e-02
3.187250996015936089e+00 1.121269561532022951e+00 2.000000000000000042e-02
3.197211155378485881e+00 1.138336446288243486e+00 2.000000000000000042e-02
3.207171314741035673e+00 1.120882867474106037e+00 2.000000000000000042e-02
3.217131474103585465e+00 1.128042711673431064e+00 2.000000000000000042e-02
3.227091633466135256e+00 1.106126150703751643e+00 2.000000000000000042e-02
3.237051792828685048e+00 1.120895663141021181e+00 2.000000000000000042e-02
3.247011952191234840e+00 1.130035951125894833e+00 2.000000000000000042e-02
3.256972111553784632e+00 1.128755253778030543e+00 2.000000000000000042e-02
3.266932270916334424e+00 1.114473984350116353e+00 2.000000000000000042e-02
3.276892430278884216e+00 1.137348955868981770e+00 2.000000000000000042e-02
3.286852589641434008e+00 1.121140860926650218e+00 2.000000000000000042e-02
3.296812749003983800e+00 1.124572984194636582e+00 2.000000000000000042e-02
3.306772908366533592e+00 1.123917021800069582e+00 2.000000000000000042e-02
3.316733067729083828e+00 1.116311690964865377e+00 2.000000000000000042e-02
3.326693227091633620e+00 1.112428181492404411e+00 2.000000000000000042e-02
3.336653386454183412e+00 1.131638859356190352e+00 2.000000000000000042e-02
3.346613545816733204e+00 1.126868712326100974e+00 2.000000000000000042e-02
3.356573705179282996e+00 1.108179470427453239e+00 2.000000000000000042e-02
3.366533864541832788e+00 1.134009247615589633e+00 2.000000000000000042e-02
3.376494023904382580e+00 1.121047277784384955e+00 2.000000000000000042e-02
3.386454183266932372e+00 1.122164402221693447e+00 2.000000000000000042e-02
3.396414342629482164e+00 1.127768772184181811e+00 2.000000000000000042e-02
3.406374501992031956e+00 1.116496234569210211e+00 2.000000000000000042e-02
3.416334661354581748e+00 1.116747283473981778e+00 2.000000000000000042e-02
3.426294820717131540e+00 1.126898547826496344e+00 2.000000000000000042e-02
3.436254980079681332e+00 1.113334498599101607e+00 2.000000000000000042e-02
3.446215139442231123e+00 1.115946120768052996e+00 2.000000000000000042e-02
3.456175298804780915e+00 1.124627144693379321e+00 2.000000000000000042e-02
3.466135458167330707e+00 1.123470931124820105e+00 2.000000000000000042e-02
3.476095617529880499e+00 1.138347637835428916e+00 2.000000000000000042e-02
3.486055776892430291e+00 1.141145752688869752e+00 2.000000000000000042e-02
3.496015936254980083e+00 1.137833568520602245e+00 2.000000000000000042e-02
3.505976095617529875e+00 1.135130313856213435e+00 2.000000000000000042e-02
3.515936254980079667e+00 1.123936840319701869e+00 2.000000000000000042e-02
3.525896414342629459e+00 1.123499232103470025e+00 2.000000000000000042e-02
3.535856573705179251e+00 1.131609811993480763e+00 2.000000000000000042e-02
3.545816733067729043e+00 1.107375106410159571e+00 2.000000000000000042e-02
3.555776892430278835e+00 1.122711111177640886e+00 2.000000000000000042e-02
3.565737051792828627e+00 1.104836416363553342e+00 2.000000000000000042e-02
3.575697211155378419e+00 1.109841398838905313e+00 2.000000000000000042e-02
3.585657370517928211e+00 1.128672800996808778e+00 2.000000000000000042e-02
3.595617529880478003e+00 1.115302088726136676e+00 2.000000000000000042e-02
3.605577689243027795e+00 1.124317930969331414e+00 2.000000000000000042e-02
3.615537848605577587e+00 1.120597301915976507e+00 2.000000000000000042e-02
3.625498007968127379e+00 1.128945068295181375e+00 2.000000000000000042e-02
3.635458167330677171e+00 1.141418608880832464e+00 2.000000000000000042e-02
3.645418326693226962e+00 1.112704933673648533e+00 2.000000000000000042e-02
3.655378486055776754e+00 1.091465142070007888e+00 2.000000000000000042e-02
3.665338645418326546e+00 1.071341296259819886e+00 2.000000000000000042e-02
3.675298804780876338e+00 1.064741244668172770e+00 2.000000000000000042e-02
3.685258964143426130e+00 1.031867516196488088e+00 2.000000000000000042e-02
3.695219123505975922e+00 9.981410139881342625e-01 2.000000000000000042e-02
3.705179282868525714e+00 9.963929488839793347e-01 2.000000000000000042e-02
3.715139442231075506e+00 9.971852850144111713e-01 2.000000000000000042e-02
3.725099601593625298e+00 9.982679554006643752e-01 2.000000000000000042e-02
3.735059760956175090e+00 9.956484368381361971e-01 2.000000000000000042e-02
3.745019920318724882e+00 1.024473861525971419e+00 2.000000000000000042e-02
3.754980079681274674e+00 1.066595896912985175e+00 2.000000000000000042e-02
3.764940239043824466e+00 1.088575734111036697e+00 2.000000000000000042e-02
3.774900398406374258e+00 1.125671565194662715e+00 2.000000000000000042e-02
3.784860557768924050e+00 1.104210266544172647e+00 2.000000000000000042e-02
3.794820717131473842e+00 1.129979007764851495e+00 2.000000000000000042e-02
3.804780876494023634e+00 1.132514407134013412e+00 2.000000000000000042e-02
3.814741035856573426e+00 1.126113061256984738e+00 2.000000000000000042e-02
3.824701195219123662e+00 1.117295323940503682e+00 2.000000000000000042e-02
3.834661354581673454e+00 1.131125389610657006e+00 2.000000000000000042e-02
3.844621513944223246e+00 1.129786611175160438e+00 2.000000000000000042e-02
3.854581673306773038e+00 1.116967824768193562e+00 2.000000000000000042e-02
3.864541832669322829e+00 1.129987222509819755e+00 2.000000000000000042e-02
3.874501992031872621e+00 1.129711607940640183e+00 2.000000000000000042e-02
3.884462151394422413e+00 1.125936269119358846e+00 2.000000000000000042e-02
3.894422310756972205e+00 1.128393986609581567e+00 2.000000000000000042e-02
3.904382470119521997e+00 1.137287353850816363e+00 2.000000000000000042e-02
3.914342629482071789e+00 1.130070669874314815e+00 2.000000000000000042e-02
3.924302788844621581e+00 1.132804220097791914e+00 2.000000000000000042e-02
3.934262948207171373e+00 1.150440105162702675e+00 2.000000000000000042e-02
3.944223107569721165e+00 1.149042424786772765e+00 2.000000000000000042e-02
3.954183266932270957e+00 1.145474326525243836e+00 2.000000000000000042e-02
3.964143426294820749e+00 1.136341083275237196e+00 2.000000000000000042e-02
3.974103585657370541e+00 1.125178736009833758e+00 2.000000000000000042e-02
3.984063745019920333e+00 1.129443777964617812e+00 2.000000000000000042e-02
3.994023904382470125e+00 1.121305791922731609e+00 2.000000000000000042e-02
4.003984063745019917e+00 1.120790198178736929e+00 2.000000000000000042e-02
4.013944223107569265e+00 1.116711211760629707e+00 2.000000000000000042e-02
4.023904382470119501e+00 1.104841644033955461e+00 2.000000000000000042e-02
4.033864541832668849e+00 1.115323143049822052e+00 2.000000000000000042e-02
4.043824701195219085e+00 1.097771917317824864e+00 2.000000000000000042e-02
4.053784860557768432e+00 1.074705348883382872e+00 2.000000000000000042e-02
4.063745019920318668e+00 1.004018907812357364e+00 2.000000000000000042e-02
4.073705179282868016e+00 9.478280348846135350e-01 2.000000000000000042e-02
4.083665338645418252e+00 8.998371862165430723e-01 2.000000000000000042e-02
4.093625498007968488e+00 8.545865051967609372e-01 2.000000000000000042e-02
4.103585657370517836e+00 8.744087860801559309e-01 2.000000000000000042e-02
4.113545816733068072e+00 9.002288876415818208e-01 2.000000000000000042e-02
4.123505976095617420e+00 9.470207379417283633e-01 2.000000000000000042e-02
4.133466135458167656e+00 9.898177575008915152e-01 2.000000000000000042e-02
4.143426294820717004e+00 1.061356827877734776e+00 2.000000000000000042e-02
4.153386454183267240e+00 1.104687730698474146e+00 2.000000000000000042e-02
4.163346613545816588e+00 1.119892015587036216e+00 2.000000000000000042e-02
4.173306772908366824e+00 1.121408774090651761e+00 2.000000000000000042e-02
4.183266932270916172e+00 1.127012383136929419e+00 2.000000000000000042e-02
4.193227091633466408e+00 1.125939034591437293e+00 2.000000000000000042e-02
4.203187250996015756e+00 1.108812970117560859e+00 2.000000000000000042e-02
4.213147410358565992e+00 1.133954831728025026e+00 2.000000000000000042e-02
4.223107569721115340e+00 1.114883820150212257e+00 2.000000000000000042e-02
4.233067729083665576e+00 1.103538794446004223e+00 2.000000000000000042e-02
4.243027888446214924e+00 1.138181348690892269e+00 2.000000000000000042e-02
4.252988047808765160e+00 1.123240114631078201e+00 2.000000000000000042e-02
4.262948207171314507e+00 1.124219525268452147e+00 2.000000000000000042e-02
4.272908366533864744e+00 1.097032689370258218e+00 2.000000000000000042e-02
4.282868525896414091e+00 1.113764239678008083e+00 2.000000000000000042e-02
4.292828685258964327e+00 1.119538174103757555e+00 2.000000000000000042e-02
4.302788844621513675e+00 1.135976931218918962e+00 2.000000000000000042e-02
4.312749003984063911e+00 1.135764385636193863e+00 2.000000000000000042e-02
4.322709163346613259e+00 1.133432742754292732e+00 2.000000000000000042e-02
4.332669322709163495e+00 1.114908422673891453e+00 2.000000000000000042e-02
4.342629482071712843e+00 1.123814499759467234e+00 2.000000000000000042e-02
4.352589641434263079e+00 1.149652693284441307e+00 2.000000000000000042e-02
4.362549800796812427e+00 1.124421766161570080e+00 2.000000000000000042e-02
4.372509960159362663e+00 1.127958789721133837e+00 2.000000000000000042e-02
4.382470119521912011e+00 1.128532143086042883e+00 2.000000000000000042e-02
4.392430278884462247e+00 1.108722905071297671e+00 2.000000000000000042e-02
4.402390438247011595e+00 1.126568136012676913e+00 2.000000000000000042e-02
4.412350597609561831e+00 1.138565612312236519e+00 2.000000000000000042e-02
4.422310756972111179e+00 1.134320149224258945e+00 2.000000000000000042e-02
4.432270916334661415e+00 1.138425703105985010e+00 2.000000000000000042e-02
4.442231075697210763e+00 1.136268678493415729e+00 2.000000000000000042e-02
4.452191235059760999e+00 1.131790950650224392e+00 2.000000000000000042e-02
4.462151394422310346e+00 1.114050754987492065e+00 2.000000000000000042e-02
4.472111553784860583e+00 1.112485662457594948e+00 2.000000000000000042e-02
4.482071713147409930e+00 1.115374504968794422e+00 2.000000000000000042e-02
4.492031872509960166e+00 1.111564303433314915e+00 2.000000000000000042e-02
4.501992031872509514e+00 1.110240264043406366e+00 2.000000000000000042e-02
4.511952191235059750e+00 1.120233962196353295e+00 2.000000000000000042e-02
4.521912350597609098e+00 1.109677319433203913e+00 2.000000000000000042e-02
4.531872509960159334e+00 1.114288160825189333e+00 2.000000000000000042e-02
4.541832669322708682e+00 1.116264523641369522e+00 2.000000000000000042e-02
4.551792828685258918e+00 1.131389462980030958e+00 2.000000000000000042e-02
4.561752988047808266e+00 1.111158596285943156e+00 2.000000000000000042e-02
4.571713147410358502e+00 1.112407743159213869e+00 2.000000000000000042e-02
4.581673306772907850e+00 1.128130444890582673e+00 2.000000000000000042e-02
4.591633466135458086e+00 1.113779020996158442e+00 2.000000000000000042e-02
4.601593625498008322e+00 1.119078745650854190e+00 2.000000000000000042e-02
4.611553784860557670e+00 1.121751395218486547e+00 2.000000000000000042e-02
4.621513944223107906e+00 1.135103284915927491e+00 2.000000000000000042e-02
4.631474103585657254e+00 1.111907919560882307e+00 2.000000000000000042e-02
4.641434262948207490e+00 1.126613507947329174e+00 2.000000000000000042e-02
4.651394422310756838e+00 1.125295082851500705e+00 2.000000000000000042e-02
4.661354581673307074e+00 1.117961548932530524e+00 2.000000000000000042e-02
4.671314741035856422e+00 1.073929372314235353e+00 2.000000000000000042e-02
4.681274900398406658e+00 1.052566045822032059e+00 2.000000000000000042e-02
4.691235059760956005e+00 1.010839155587622828e+00 2.000000000000000042e-02
4.701195219123506241e+00 9.970910157967077803e-01 2.000000000000000042e-02
4.711155378486055589e+00 9.784253062375719567e-01 2.000000000000000042e-02
4.721115537848605825e+00 1.002487128935191096e+00 2.000000000000000042e-02
4.731075697211155173e+00 1.011009869707612197e+00 2.000000000000000042e-02
4.741035856573705409e+00 1.003142755967331601e+00 2.000000000000000042e-02
4.750996015936254757e+00 1.062757523817165151e+00 2.000000000000000042e-02
4.760956175298804993e+00 1.075656042485920727e+00 2.000000000000000042e-02
4.770916334661354341e+00 1.094078618546554527e+00 2.000000000000000042e-02
4.780876494023904577e+00 1.091750784154649656e+00 2.000000000000000042e-02
4.790836653386453925e+00 1.115463034475350002e+00 2.000000000000000042e-02
4.800796812749004161e+00 1.112223328447458970e+00 2.000000000000000042e-02
4.810756972111553509e+00 1.116781993680903584e+00 2.000000000000000042e-02
4.820717131474103745e+00 1.120511456089508195e+00 2.000000000000000042e-02
4.830677290836653093e+00 1.117782210760419837e+00 2.000000000000000042e-02
4.840637450199203329e+00 1.127703822703139513e+00 2.000000000000000042e-02
4.850597609561752677e+00 1.106944884820882713e+00 2.000000000000000042e-02
4.860557768924302913e+00 1.114282106997237065e+00 2.000000000000000042e-02
4.870517928286852261e+00 1.142991898245872440e+00 2.000000000000000042e-02
4.880478087649402497e+00 1.153409998801870451e+00 2.000000000000000042e-02
4.890438247011951844e+00 1.136835833600809975e+00 2.000000000000000042e-02
4.900398406374502080e+00 1.141524881765957122e+00 2.000000000000000042e-02
4.910358565737051428e+00 1.145012532212699163e+00 2.000000000000000042e-02
4.920318725099601664e+00 1.120655543756887917e+00 2.000000000000000042e-02
4.930278884462151012e+00 1.139491114677111616e+00 2.000000000000000042e-02
4.940239043824701248e+00 1.133715867994076198e+00 2.000000000000000042e-02
4.950199203187250596e+00 1.149580402562672576e+00 2.000000000000000042e-02
4.960159362549800832e+00 1.134466919771217386e+00 2.000000000000000042e-02
4.970119521912350180e+00 1.118718428969059264e+00 2.000000000000000042e-02
4.980079681274900416e+00 1.143095131352427796e+00 2.000000000000000042e-02
4.990039840637449764e+00 1.133269324430015157e+00 2.000000000000000042e-02
5.000000000000000000e+00 1.115372140671170742e+00 2.000000000000000042e-02
5.009960159362549348e+00 1.130725264305641353e+00 2.000000000000000042e-02
5.019920318725099584e+00 1.124814656235579635e+00 2.000000000000000042e-02
5.029880478087648932e+00 1.120145671122740438e+00 2.000000000000000042e-02
5.039840637450199168e+00 1.109980809674224300e+00 2.000000000000000042e-02
5.049800796812748516e+00 1.080873101425631644e+00 2.000000000000000042e-02
5.059760956175298752e+00 1.039455255465740358e+00 2.000000000000000042e-02
5.069721115537848100e+00 9.704976894105781238e-01 2.000000000000000042e-02
5.079681274900398336e+00 9.233143498993821030e-01 2.000000000000000042e-02
5.089641434262947683e+00 8.770209196321298029e-01 2.000000000000000042e-02
5.099601593625497920e+00 8.691363860827995280e-01 2.000000000000000042e-02
5.109561752988048156e+00 8.723459487855442784e-01 2.000000000000000042e-02
5.119521912350597503e+00 9.188042831142368971e-01 2.000000000000000042e-02
5.129482071713147739e+00 9.687167183169688167e-01 2.000000000000000042e-02
5.139442231075697087e+00 1.034614185143278631e+00 2.000000000000000042e-02
5.149402390438247323e+00 1.091505727702261286e+00 2.000000000000000042e-02
5.159362549800796671e+00 1.111147143720349506e+00 2.000000000000000042e-02
5.169322709163346907e+00 1.110278804996294610e+00 2.000000000000000042e-02
5.179282868525896255e+00 1.121162470314516213e+00 2.000000000000000042e-02
5.189243027888446491e+00 1.132477704119975392e+00 2.000000000000000042e-02
5.199203187250995839e+00 1.121381442187640465e+00 2.000000000000000042e-02
5.209163346613546075e+00 1.122471805134608536e+00 2.000000000000000042e-02
5.219123505976095423e+00 1.117637501620857066e+00 2.000000000000000042e-02
5.229083665338645659e+00 1.110648023742427437e+00 2.000000000000000042e-02
5.239043824701195007e+00 1.107857787769699343e+00 2.000000000000000042e-02
5.249003984063745243e+00 1.119599161321268355e+00 2.000000000000000042e-02
5.258964143426294591e+00 1.116175885994660222e+00 2.000000000000000042e-02
5.268924302788844827e+00 1.130506898576430830e+00 2.000000000000000042e-02
5.278884462151394175e+00 1.120943817638067053e+00 2.000000000000000042e-02
5.288844621513944411e+00 1.120481131134725361e+00 2.000000000000000042e-02
5.298804780876493759e+00 1.131578982439000347e+00 2.000000000000000042e-02
5.308764940239043995e+00 1.114945393597365886e+00 2.000000000000000042e-02
5.318725099601593342e+00 1.136067647338321995e+00 2.000000000000000042e-02
5.328685258964143578e+00 1.130287324129105597e+00 2.000000000000000042e-02
5.338645418326692926e+00 1.122675940196283362e+00 2.000000000000000042e-02
5.348605577689243162e+00 1.124971462505893971e+00 2.000000000000000042e-02
5.358565737051792510e+00 1.131579587306766443e+00 2.000000000000000042e-02
5.368525896414342746e+00 1.131515940340108495e+00 2.000000000000000042e-02
5.378486055776892094e+00 1.124058040602570641e+00 2.000000000000000042e-02
5.388446215139442330e+00 1.126834250389217473e+00 2.000000000000000042e-02
5.398406374501991678e+00 1.120940923703088288e+00 2.000000000000000042e-02
5.408366533864541914e+00 1.120434984398123168e+00 2.000000000000000042e-02
5.418326693227091262e+00 1.128871985732909922e+00 2.000000000000000042e-02
5.428286852589641498e+00 1.116876759092476412e+00 2.000000000000000042e-02
5.438247011952190846e+00 1.095978954286900953e+00 2.000000000000000042e-02
5.448207171314741082e+00 1.124104498073857705e+00 2.000000000000000042e-02
5.458167330677290430e+00 1.129383961445730611e+00 2.000000000000000042e-02
5.468127490039840666e+00 1.128582135658514840e+00 2.000000000000000042e-02
5.478087649402390014e+00 1.123738901460300310e+00 2.000000000000000042e-02
5.488047808764940250e+00 1.124222016423557902e+00 2.000000000000000042e-02
5.498007968127489598e+00 1.114261314845538031e+00 2.000000000000000042e-02
5.507968127490039834e+00 1.114681117642421837e+00 2.000000000000000042e-02
5.517928286852589181e+00 1.115988585864633231e+00 2.000000000000000042e-02
5.527888446215139417e+00 1.121870594230246265e+00 2.000000000000000042e-02
5.537848605577688765e+00 1.116632693754110672e+00 2.000000000000000042e-02
5.547808764940239001e+00 1.123155072980044356e+00 2.000000000000000042e-02
5.557768924302788349e+00 1.115356521199183604e+00 2.000000000000000042e-02
5.567729083665338585e+00 1.132213288378623783e+00 2.000000000000000042e-02
5.577689243027887933e+00 1.119524102069806570e+00 2.000000000000000042e-02
5.587649402390438169e+00 1.126204299640869655e+00 2.000000000000000042e-02
5.597609561752987517e+00 1.119118933383727699e+00 2.000000000000000042e-02
5.607569721115537753e+00 1.115146277388389118e+00 2.000000000000000042e-02
5.617529880478087989e+00 1.116276508166161863e+00 2.000000000000000042e-02
5.627490039840637337e+00 1.124720216711430520e+00 2.000000000000000042e-02
5.637450199203187573e+00 1.126736363074886782e+00 2.000000000000000042e-02
5.647410358565736921e+00 1.117453289354917834e+00 2.000000000000000042e-02
5.657370517928287157e+00 1.120831342951775556e+00 2.000000000000000042e-02
5.667330677290836505e+00 1.096042642486822150e+00 2.000000000000000042e-02
5.677290836653386741e+00 1.044307329768001891e+00 2.000000000000000042e-02
5.687250996015936089e+00 1.041157005404073743e+00 2.000000000000000042e-02
5.697211155378486325e+00 1.019174489067618650e+00 2.000000000000000042e-02
5.707171314741035673e+00 9.894955734471946318e-01 2.000000000000000042e-02
5.717131474103585909e+00 9.754404806013321494e-01 2.000000000000000042e-02
5.727091633466135256e+00 9.967909095633278316e-01 2.000000000000000042e-02
5.737051792828685493e+00 1.009079910292252524e+00 2.000000000000000042e-02
5.747011952191234840e+00 1.018687100109638033e+00 2.000000000000000042e-02
5.756972111553785076e+00 1.051176246982927331e+00 2.000000000000000042e-02
5.766932270916334424e+00 1.075431130152718850e+00 2.000000000000000042e-02
5.776892430278884660e+00 1.102917196323791815e+00 2.000000000000000042e-02
5.786852589641434008e+00 1.112712902084629585e+00 2.000000000000000042e-02
5.796812749003984244e+00 1.119953752355984156e+00 2.000000000000000042e-02
5.806772908366533592e+00 1.112222377687315467e+00 2.000000000000000042e-02
5.816733067729083828e+00 1.131488158313607828e+00 2.000000000000000042e-02
5.826693227091633176e+00 1.121610412737576112e+00 2.000000000000000042e-02
5.836653386454183412e+00 1.123868544675111769e+00 2.000000000000000042e-02
5.846613545816732760e+00 1.124078623625764051e+00 2.000000000000000042e-02
5.856573705179282996e+00 1.126111516815737179e+00 2.000000000000000042e-02
5.866533864541832344e+00 1.122477591943994435e+00 2.000000000000000042e-02
5.876494023904382580e+00 1.117787839803189298e+00 2.000000000000000042e-02
5.886454183266931928e+00 1.148707393109637875e+00 2.000000000000000042e-02
5.896414342629482164e+00 1.125831161997882912e+00 2.000000000000000042e-02
5.906374501992031512e+00 1.155686128369946664e+00 2.000000000000000042e-02
5.916334661354581748e+00 1.144367353421837707e+00 2.000000000000000042e-02
5.926294820717131095e+00 1.137273872194171975e+00 2.000000000000000042e-02
5.936254980079681332e+00 1.133859511642514750e+00 2.000000000000000042e-02
5.946215139442230679e+00 1.124724412844849919e+00 2.000000000000000042e-02
5.956175298804780915e+00 1.110976592170514587e+00 2.000000000000000042e-02
5.966135458167330263e+00 1.149238978453630100e+00 2.000000000000000042e-02
5.976095617529880499e+00 1.128804368601116881e+00 2.000000000000000042e-02
5.986055776892429847e+00 1.128483535771677593e+00 2.000000000000000042e-02
5.996015936254980083e+00 1.121084591123798768e+00 2.000000000000000042e-02
6.005976095617529431e+00 1.117627973491560178e+00 2.000000000000000042e-02
6.015936254980079667e+00 1.113163241973512241e+00 2.000000000000000042e-02
6.025896414342629015e+00 1.115549681970210427e+00 2.000000000000000042e-02
6.035856573705179251e+00 1.120559568781839044e+00 2.000000000000000042e-02
6.045816733067728599e+00 1.096260992516698174e+00 2.000000000000000042e-02
6.055776892430278835e+00 1.054306738854911663e+00 2.000000000000000042e-02
6.065737051792828183e+00 9.791659583446929993e-01 2.000000000000000042e-02
6.075697211155378419e+00 9.215558808688051329e-01 2.000000000000000042e-02
6.085657370517927767e+00 8.777898354402869918e-01 2.000000000000000042e-02
6.095617529880478003e+00 8.472350254617032617e-01 2.000000000000000042e-02
6.105577689243027351e+00 8.647989872460819516e-01 2.000000000000000042e-02
6.115537848605577587e+00 8.964152035519159512e-01 2.000000000000000042e-02
6.125498007968127823e+00 9.587883533591986529e-01 2.000000000000000042e-02
6.135458167330677171e+00 1.027080594415131554e+00 2.000000000000000042e-02
6.145418326693227407e+00 1.075723636337697853e+00 2.000000000000000042e-02
6.155378486055776754e+00 1.104159147319471179e+00 2.000000000000000042e-02
6.165338645418326990e+00 1.096665879291676360e+00 2.000000000000000042e-02
6.175298804780876338e+00 1.113069110098943382e+00 2.000000000000000042e-02
6.185258964143426574e+00 1.114325375435057497e+00 2.000000000000000042e-02
6.195219123505975922e+00 1.124518316995733125e+00 2.000000000000000042e-02
6.205179282868526158e+00 1.109454357594214624e+00 2.000000000000000042e-02
6.215139442231075506e+00 1.114613155259218225e+00 2.000000000000000042e-02
6.225099601593625742e+00 1.123772322579360328e+00 2.000000000000000042e-02
6.235059760956175090e+00 1.121534959713729407e+00 2.000000000000000042e-02
6.245019920318725326e+00 1.116798197122068625e+00 2.000000000000000042e-02
6.254980079681274674e+00 1.108625398332394818e+00 2.000000000000000042e-02
6.264940239043824910e+00 1.122108085988422932e+00 2.000000000000000042e-02
6.274900398406374258e+00 1.128369399391732752e+00 2.000000000000000042e-02
6.284860557768924494e+00 1.126767392695993575e+00 2.000000000000000042e-02
6.294820717131473842e+00 1.115095150866094675e+00 2.000000000000000042e-02
6.304780876494024078e+00 1.135810041600973985e+00 2.000000000000000042e-02
6.314741035856573426e+00 1.132523275316655864e+00 2.000000000000000042e-02
6.324701195219123662e+00 1.114314056500177230e+00 2.000000000000000042e-02
6.334661354581673010e+00 1.116634935812516494e+00 2.000000000000000042e-02
6.344621513944223246e+00 1.129578669493082721e+00 2.000000000000000042e-02
6.354581673306772593e+00 1.127900219868195775e+00 2.000000000000000042e-02
6.364541832669322829e+00 1.127745245692779230e+00 2.000000000000000042e-02
6.374501992031872177e+00 1.144843158818516171e+00 2.000000000000000042e-02
6.384462151394422413e+00 1.145593822071199641e+00 2.000000000000000042e-02
6.394422310756971761e+00 1.128788704662971654e+00 2.000000000000000042e-02
6.404382470119521997e+00 1.121493887762178954e+00 2.000000000000000042e-02
6.414342629482071345e+00 1.117266227958985780e+00 2.000000000000000042e-02
6.424302788844621581e+00 1.134890720231113370e+00 2.000000000000000042e-02
6.434262948207170929e+00 1.120891459225882514e+00 2.000000000000000042e-02
6.444223107569721165e+00 1.115019014243498363e+00 2.000000000000000042e-02
6.454183266932270513e+00 1.126613697872472564e+00 2.000000000000000042e-02
6.464143426294820749e+00 1.137157423654525434e+00 2.000000000000000042e-02
6.474103585657370097e+00 1.120055559646407239e+00 2.000000000000000042e-02
6.484063745019920333e+00 1.116831915826904220e+00 2.000000000000000042e-02
6.494023904382469681e+00 1.127284028985572339e+00 2.000000000000000042e-02
6.503984063745019917e+00 1.127263465938924680e+00 2.000000000000000042e-02
6.513944223107569265e+00 1.128843509181448601e+00 2.000000000000000042e-02
6.523904382470119501e+00 1.114835956165773689e+00 2.000000000000000042e-02
6.533864541832668849e+00 1.122758707498630271e+00 2.000000000000000042e-02
6.543824701195219085e+00 1.136446752518103676e+00 2.000000000000000042e-02
6.553784860557768432e+00 1.109801975042348676e+00 2.000000000000000042e-02
6.563745019920318668e+00 1.106309915087306806e+00 2.000000000000000042e-02
6.573705179282868016e+00 1.113780337972186674e+00 2.000000000000000042e-02
6.583665338645418252e+00 1.118573044274066453e+00 2.000000000000000042e-02
6.593625498007967600e+00 1.124273265205251393e+00 2.000000000000000042e-02
6.603585657370517836e+00 1.106254754541943663e+00 2.000000000000000042e-02
6.613545816733067184e+00 1.118060670657092581e+00 2.000000000000000042e-02
6.623505976095617420e+00 1.113834233866580314e+00 2.000000000000000042e-02
6.633466135458167656e+00 1.115173398775754388e+00 2.000000000000000042e-02
6.643426294820717004e+00 1.116482585802277328e+00 2.000000000000000042e-02
6.653386454183267240e+00 1.128289245615334169e+00 2.000000000000000042e-02
6.663346613545816588e+00 1.093165001874476072e+00 2.000000000000000042e-02
6.673306772908366824e+00 1.058061938451543949e+00 2.000000000000000042e-02
6.683266932270916172e+00 1.046430842837313913e+00 2.000000000000000042e-02
6.693227091633466408e+00 1.017266539978499695e+00 2.000000000000000042e-02
6.703187250996015756e+00 1.018779160383665117e+00 2.000000000000000042e-02
6.713147410358565992e+00 1.016290556862225136e+00 2.000000000000000042e-02
6.723107569721115340e+00 1.003406614731836344e+00 2.000000000000000042e-02
6.733067729083665576e+00 1.002778123144363320e+00 2.000000000000000042e-02
6.743027888446214924e+00 1.018439530301967766e+00 2.000000000000000042e-02
6.752988047808765160e+00 1.049607084904700782e+00 2.000000000000000042e-02
6.762948207171314507e+00 1.091496006656203832e+00 2.000000000000000042e-02
6.772908366533864744e+00 1.095991467108295536e+00 2.000000000000000042e-02
6.782868525896414091e+00 1.124441835554582880e+00 2.000000000000000042e-02
6.792828685258964327e+00 1.103262414548463966e+00 2.000000000000000042e-02
6.802788844621513675e+00 1.119573170549086338e+00 2.000000000000000042e-02
6.812749003984063911e+00 1.087930604901530263e+00 2.000000000000000042e-02
6.822709163346613259e+00 1.127325831281546842e+00 2.000000000000000042e-02
6.832669322709163495e+00 1.130998495418104932e+00 2.000000000000000042e-02
6.842629482071712843e+00 1.139362058854548998e+00 2.000000000000000042e-02
6.852589641434263079e+00 1.114301909443514260e+00 2.000000000000000042e-02
6.862549800796812427e+00 1.127585542518084516e+00 2.000000000000000042e-02
6.872509960159362663e+00 1.128292902772795259e+00 2.000000000000000042e-02
6.882470119521912011e+00 1.137988681294230142e+00 2.000000000000000042e-02
6.892430278884462247e+00 1.122682685461238838e+00 2.000000000000000042e-02
6.902390438247011595e+00 1.148013017579706752e+00 2.000000000000000042e-02
6.912350597609561831e+00 1.123849135235431840e+00 2.000000000000000042e-02
6.922310756972111179e+00 1.130768271086093790e+00 2.000000000000000042e-02
6.932270916334661415e+00 1.136711482681683760e+00 2.000000000000000042e-02
6.942231075697210763e+00 1.128175442114375926e+00 2.000000000000000042e-02
6.952191235059760999e+00 1.145986744908106036e+00 2.000000000000000042e-02
6.962151394422310346e+00 1.139429140752304059e+00 2.000000000000000042e-02
6.972111553784860583e+00 1.156374005965703056e+00 2.000000000000000042e-02
6.982071713147409930e+00 1.132704449667580437e+00 2.000000000000000042e-02
6.992031872509960166e+00 1.125352514988903430e+00 2.000000000000000042e-02
7.001992031872509514e+00 1.113954728636286085e+00 2.000000000000000042e-02
7.011952191235059750e+00 1.102509232534637729e+00 2.000000000000000042e-02
7.021912350597609098e+00 1.108964655237930863e+00 2.000000000000000042e-02
7.031872509960159334e+00 1.113021060485051894e+00 2.000000000000000042e-02
7.041832669322708682e+00 1.103657494845458720e+00 2.000000000000000042e-02
7.051792828685258918e+00 1.066427656542016988e+00 2.000000000000000042e-02
7.061752988047808266e+00 1.035076315101946642e+00 2.000000000000000042e-02
7.071713147410358502e+00 9.646419578279034068e-01 2.000000000000000042e-02
7.081673306772907850e+00 8.911933126360647162e-01 2.000000000000000042e-02
7.091633466135458086e+00 8.527568285550357619e-01 2.000000000000000042e-02
7.101593625498007434e+00 8.513673263027573546e-01 2.000000000000000042e-02
7.111553784860557670e+00 8.763761889077785749e-01 2.000000000000000042e-02
7.121513944223107018e+00 9.134837092237653167e-01 2.000000000000000042e-02
7.131474103585657254e+00 1.004882010944306847e+00 2.000000000000000042e-02
7.141434262948207490e+00 1.051198195291963788e+00 2.000000000000000042e-02
7.151394422310756838e+00 1.095110736976201871e+00 2.000000000000000042e-02
7.161354581673307074e+00 1.117119492511523315e+00 2.000000000000000042e-02
7.171314741035856422e+00 1.102472854571259431e+00 2.000000000000000042e-02
7.181274900398406658e+00 1.115996286359772105e+00 2.000000000000000042e-02
7.191235059760956005e+00 1.108836746265928763e+00 2.000000000000000042e-02
7.201195219123506241e+00 1.112779153990629544e+00 2.000000000000000042e-02
7.211155378486055589e+00 1.121167650144715200e+00 2.000000000000000042e-02
7.221115537848605825e+00 1.116536690075201399e+00 2.000000000000000042e-02
7.231075697211155173e+00 1.131372213279055350e+00 2.000000000000000042e-02
7.241035856573705409e+00 1.105800987411242886e+00 2.000000000000000042e-02
7.250996015936254757e+00 1.117977790581605069e+00 2.000000000000000042e-02
7.260956175298804993e+00 1.123477669572037652e+00 2.000000000000000042e-02
7.270916334661354341e+00 1.130690684552088765e+00 2.000000000000000042e-02
7.280876494023904577e+00 1.130402370907174214e+00 2.000000000000000042e-02
7.290836653386453925e+00 1.128118807727302775e+00 2.000000000000000042e-02
7.300796812749004161e+00 1.127760273269738267e+00 2.000000000000000042e-02
7.310756972111553509e+00 1.112221157458999743e+00 2.000000000000000042e-02
7.320717131474103745e+00 1.118726481039546083e+00 2.000000000000000042e-02
7.330677290836653093e+00 1.141106105527311732e+00 2.000000000000000042e-02
7.340637450199203329e+00 1.120331263536667787e+00 2.000000000000000042e-02
7.350597609561752677e+00 1.136907849100270651e+00 2.000000000000000042e-02
7.360557768924302913e+00 1.122623708766312234e+00 2.000000000000000042e-02
7.370517928286852261e+00 1.121548420137928659e+00 2.000000000000000042e-02
7.380478087649402497e+00 1.140442576903108352e+00 2.000000000000000042e-02
7.390438247011951844e+00 1.122789033804283632e+00 2.000000000000000042e-02
7.400398406374502080e+00 1.118074946473939013e+00 2.000000000000000042e-02
7.410358565737051428e+00 1.113623432666211333e+00 2.000000000000000042e-02
7.420318725099601664e+00 1.120412376199940940e+00 2.000000000000000042e-02
7.430278884462151012e+00 1.127534697938377128e+00 2.000000000000000042e-02
7.440239043824701248e+00 1.133338350390171945e+00 2.000000000000000042e-02
7.450199203187250596e+00 1.126360628031034983e+00 2.000000000000000042e-02
7.460159362549800832e+00 1.125910499175318158e+00 2.000000000000000042e-02
7.470119521912350180e+00 1.130937530510702116e+00 2.000000000000000042e-02
7.480079681274900416e+00 1.128404449663337861e+00 2.000000000000000042e-02
7.490039840637449764e+00 1.139720249926504225e+00 2.000000000000000042e-02
7.500000000000000000e+00 1.129095632832525453e+00 2.000000000000000042e-02
7.509960159362549348e+00 1.138153975375120419e+00 2.000000000000000042e-02
7.519920318725099584e+00 1.130591717401540963e+00 2.000000000000000042e-02
7.529880478087648932e+00 1.102190030260947307e+00 2.000000000000000042e-02
7.539840637450199168e+00 1.129205571430626609e+00 2.000000000000000042e-02
7.549800796812748516e+00 1.114867169406286163e+00 2.000000000000000042e-02
7.559760956175298752e+00 1.122441432167709419e+00 2.000000000000000042e-02
7.569721115537848100e+00 1.108541147768105528e+00 2.000000000000000042e-02
7.579681274900398336e+00 1.101688644611305445e+00 2.000000000000000042e-02
7.589641434262947683e+00 1.117188597184854970e+00 2.000000000000000042e-02
7.599601593625497920e+00 1.110418334962441245e+00 2.000000000000000042e-02
7.609561752988047267e+00 1.105722743044907475e+00 2.000000000000000042e-02
7.619521912350597503e+00 1.121432817103018564e+00 2.000000000000000042e-02
7.629482071713146851e+00 1.100018827600196758e+00 2.000000000000000042e-02
7.639442231075697087e+00 1.120283188039978617e+00 2.000000000000000042e-02
7.649402390438247323e+00 1.126832484929242151e+00 2.000000000000000042e-02
7.659362549800796671e+00 1.090827829165033069e+00 2.000000000000000042e-02
7.669322709163346907e+00 1.076754892548332787e+00 2.000000000000000042e-02
7.679282868525896255e+00 1.057228497032701053e+00 2.000000000000000042e-02
7.689243027888446491e+00 1.027124750667031572e+00 2.000000000000000042e-02
7.699203187250995839e+00 1.014216723019673694e+00 2.000000000000000042e-02
7.709163346613546075e+00 1.004084475696942924e+00 2.000000000000000042e-02
7.719123505976095423e+00 9.787402586738196408e-01 2.000000000000000042e-02
7.729083665338645659e+00 1.005139959104631941e+00 2.000000000000000042e-02
7.739043824701195007e+00 1.007036585889015567e+00 2.000000000000000042e-02
7.749003984063745243e+00 1.036274796134131204e+00 2.000000000000000042e-02
7.758964143426294591e+00 1.033058389684282652e+00 2.000000000000000042e-02
7.768924302788844827e+00 1.097208381616874284e+00 2.000000000000000042e-02
7.778884462151394175e+00 1.111886916130219838e+00 2.000000000000000042e-02
7.788844621513944411e+00 1.123171453538214903e+00 2.000000000000000042e-02
7.798804780876493759e+00 1.121598044331548527e+00 2.000000000000000042e-02
7.808764940239043995e+00 1.111205601596330306e+00 2.000000000000000042e-02
7.818725099601593342e+00 1.139490516401029607e+00 2.000000000000000042e-02
7.828685258964143578e+00 1.107859862667498030e+00 2.000000000000000042e-02
7.838645418326692926e+00 1.130848660097808045e+00 2.000000000000000042e-02
7.848605577689243162e+00 1.118311676858473547e+00 2.000000000000000042e-02
7.858565737051792510e+00 1.119964152216555320e+00 2.000000000000000042e-02
7.868525896414342746e+00 1.117914358183700996e+00 2.000000000000000042e-02
7.878486055776892094e+00 1.123007633726952337e+00 2.000000000000000042e-02
7.888446215139442330e+00 1.157156561547108442e+00 2.000000000000000042e-02
7.898406374501991678e+00 1.140433425828491609e+00 2.000000000000000042e-02
7.908366533864541914e+00 1.120873273750414345e+00 2.000000000000000042e-02
7.918326693227091262e+00 1.132928395705439906e+00 2.000000000000000042e-02
7.928286852589641498e+00 1.133201723485796286e+00 2.000000000000000042e-02
7.938247011952190846e+00 1.152799885105178834e+00 2.000000000000000042e-02
7.948207171314741082e+00 1.134735981812210026e+00 2.000000000000000042e-02
7.958167330677290430e+00 1.160288768061703335e+00 2.000000000000000042e-02
7.968127490039840666e+00 1.121873700496177406e+00 2.000000000000000042e-02
7.978087649402390014e+00 1.149915889414107051e+00 2.000000000000000042e-02
7.988047808764940250e+00 1.108193635870513560e+00 2.000000000000000042e-02
7.998007968127489598e+00 1.124207322612947424e+00 2.000000000000000042e-02
8.007968127490039834e+00 1.108514353912615658e+00 2.000000000000000042e-02
8.017928286852589181e+00 1.110475954308828728e+00 2.000000000000000042e-02
8.027888446215138529e+00 1.136359291824351470e+00 2.000000000000000042e-02
8.037848605577689654e+00 1.115769555362024379e+00 2.000000000000000042e-02
8.047808764940239001e+00 1.098869879468080679e+00 2.000000000000000042e-02
8.057768924302788349e+00 1.064181678417382537e+00 2.000000000000000042e-02
8.067729083665337697e+00 9.903154853368081323e-01 2.000000000000000042e-02
8.077689243027888821e+00 9.179973520039313994e-01 2.000000000000000042e-02
8.087649402390438169e+00 8.743156740329049992e-01 2.000000000000000042e-02
8.097609561752987517e+00 8.382203566281352103e-01 2.000000000000000042e-02
8.107569721115536865e+00 8.755174167746676561e-01 2.000000000000000042e-02
8.117529880478087989e+00 9.261043347570730999e-01 2.000000000000000042e-02
8.127490039840637337e+00 9.587892935110037262e-01 2.000000000000000042e-02
8.137450199203186685e+00 1.019223979953144621e+00 2.000000000000000042e-02
8.147410358565736033e+00 1.079864009918655388e+00 2.000000000000000042e-02
8.157370517928287157e+00 1.103576895534113644e+00 2.000000000000000042e-02
8.167330677290836505e+00 1.109737320520346016e+00 2.000000000000000042e-02
8.177290836653385853e+00 1.118065550631683225e+00 2.000000000000000042e-02
8.187250996015936977e+00 1.121127130280497486e+00 2.000000000000000042e-02
8.197211155378486325e+00 1.107478671054437980e+00 2.000000000000000042e-02
8.207171314741035673e+00 1.118618011635381659e+00 2.000000000000000042e-02
8.217131474103585020e+00 1.116697921342696187e+00 2.000000000000000042e-02
8.227091633466136145e+00 1.126080369840250617e+00 2.000000000000000042e-02
8.237051792828685493e+00 1.130209058828816726e+00 2.000000000000000042e-02
8.247011952191234840e+00 1.130803159926866641e+00 2.000000000000000042e-02
8.256972111553784188e+00 1.129255701823501212e+00 2.000000000000000042e-02
8.266932270916335312e+00 1.129192870298334928e+00 2.000000000000000042e-02
8.276892430278884660e+00 1.112080538240760363e+00 2.000000000000000042e-02
8.286852589641434008e+00 1.126395912350057316e+00 2.000000000000000042e-02
8.296812749003983356e+00 1.111474738156097430e+00 2.000000000000000042e-02
8.306772908366534480e+00 1.123748686220724879e+00 2.000000000000000042e-02
8.316733067729083828e+00 1.113552695955640770e+00 2.000000000000000042e-02
8.326693227091633176e+00 1.136630229916028689e+00 2.000000000000000042e-02
8.336653386454182524e+00 1.138229764034374369e+00 2.000000000000000042e-02
8.346613545816733648e+00 1.133164963767048228e+00 2.000000000000000042e-02
8.356573705179282996e+00 1.124651211797183636e+00 2.000000000000000042e-02
8.366533864541832344e+00 1.126814985525178781e+00 2.000000000000000042e-02
8.376494023904381692e+00 1.130897199371282857e+00 2.000000000000000042e-02
8.386454183266932816e+00 1.132730802985479013e+00 2.000000000000000042e-02
8.396414342629482164e+00 1.129623153247611977e+00 2.000000000000000042e-02
8.406374501992031512e+00 1.128330895143173196e+00 2.000000000000000042e-02
8.416334661354580859e+00 1.114820119887738104e+00 2.000000000000000042e-02
8.426294820717131984e+00 1.125871118366224888e+00 2.000000000000000042e-02
8.436254980079681332e+00 1.136059625261258033e+00 2.000000000000000042e-02
8.446215139442230679e+00 1.131767818760880617e+00 2.000000000000000042e-02
8.456175298804780027e+00 1.139281860437170613e+00 2.000000000000000042e-02
8.466135458167331151e+00 1.125948219228691149e+00 2.000000000000000042e-02
8.476095617529880499e+00 1.101005688318907438e+00 2.000000000000000042e-02
8.486055776892429847e+00 1.132161658391489079e+00 2.000000000000000042e-02
8.496015936254979195e+00 1.137309006133461864e+00 2.000000000000000042e-02
8.505976095617530319e+00 1.129336450716991624e+00 2.000000000000000042e-02
8.515936254980079667e+00 1.114475331014255000e+00 2.000000000000000042e-02
8.525896414342629015e+00 1.107707046985644261e+00 2.000000000000000042e-02
8.535856573705178363e+00 1.120941168925500886e+00 2.000000000000000042e-02
8.545816733067729487e+00 1.148403674122244977e+00 2.000000000000000042e-02
8.555776892430278835e+00 1.124062410308604099e+00 2.000000000000000042e-02
8.565737051792828183e+00 1.130578727951892848e+00 2.000000000000000042e-02
8.575697211155377531e+00 1.122797433589267646e+00 2.000000000000000042e-02
8.585657370517928655e+00 1.112368873051244655e+00 2.000000000000000042e-02
8.595617529880478003e+00 1.121472599730997333e+00 2.000000000000000042e-02
8.605577689243027351e+00 1.120216426134507781e+00 2.000000000000000042e-02
8.615537848605576698e+00 1.112678494903966975e+00 2.000000000000000042e-02
8.625498007968127823e+00 1.129173807489213921e+00 2.000000000000000042e-02
8.635458167330677171e+00 1.104256889321768353e+00 2.000000000000000042e-02
8.645418326693226518e+00 1.120187224808676385e+00 2.000000000000000042e-02
8.655378486055775866e+00 1.109211283555968208e+00 2.000000000000000042e-02
8.665338645418326990e+00 1.082044771781644599e+00 2.000000000000000042e-02
8.675298804780876338e+00 1.070349113517163442e+00 2.000000000000000042e-02
8.685258964143425686e+00 1.025971547968899777e+00 2.000000000000000042e-02
8.695219123505976810e+00 1.019044733241100786e+00 2.000000000000000042e-02
8.705179282868526158e+00 9.911189710702662525e-01 2.000000000000000042e-02
8.715139442231075506e+00 9.977939423042727629e-01 2.000000000000000042e-02
8.725099601593624854e+00 1.000393712189733053e+00 2.000000000000000042e-02
8.735059760956175978e+00 9.981441767352354777e-01 2.000000000000000042e-02
8.745019920318725326e+00 1.041691250090924337e+00 2.000000000000000042e-02
8.754980079681274674e+00 1.047916721998296774e+00 2.000000000000000042e-02
8.764940239043824022e+00 1.073984724730595142e+00 2.000000000000000042e-02
8.774900398406375146e+00 1.112491904005864063e+00 2.000000000000000042e-02
8.784860557768924494e+00 1.104846172593573206e+00 2.000000000000000042e-02
8.794820717131473842e+00 1.110411786029773751e+00 2.000000000000000042e-02
8.804780876494023190e+00 1.110756678593412428e+00 2.000000000000000042e-02
8.814741035856574314e+00 1.140220202906413682e+00 2.000000000000000042e-02
8.824701195219123662e+00 1.105098218300403445e+00 2.000000000000000042e-02
8.834661354581673010e+00 1.132748868797899267e+00 2.000000000000000042e-02
8.844621513944222357e+00 1.131241075803724572e+00 2.000000000000000042e-02
8.854581673306773482e+00 1.110803207983017682e+00 2.000000000000000042e-02
8.864541832669322829e+00 1.125354191841511087e+00 2.000000000000000042e-02
8.874501992031872177e+00 1.117785325922799888e+00 2.000000000000000042e-02
8.884462151394421525e+00 1.145126332023598259e+00 2.000000000000000042e-02
8.894422310756972649e+00 1.120371611933622447e+00 2.000000000000000042e-02
8.904382470119521997e+00 1.134357656841938455e+00 2.000000000000000042e-02
8.914342629482071345e+00 1.149735189213708209e+00 2.000000000000000042e-02
8.924302788844620693e+00 1.125086624227264576e+00 2.000000000000000042e-02
8.934262948207171817e+00 1.144643674682230827e+00 2.000000000000000042e-02
8.944223107569721165e+00 1.125706346060973306e+00 2.000000000000000042e-02
8.954183266932270513e+00 1.125557025335092165e+00 2.000000000000000042e-02
8.964143426294819861e+00 1.144042024859719398e+00 2.000000000000000042e-02
8.974103585657370985e+00 1.143189706908535941e+00 2.000000000000000042e-02
8.984063745019920333e+00 1.133755677409544527e+00 2.000000000000000042e-02
8.994023904382469681e+00 1.116005207555109902e+00 2.000000000000000042e-02
9.003984063745019029e+00 1.131427037522087398e+00 2.000000000000000042e-02
9.013944223107570153e+00 1.122171422448662526e+00 2.000000000000000042e-02
9.023904382470119501e+00 1.088034778567911420e+00 2.000000000000000042e-02
9.033864541832668849e+00 1.097168269602728952e+00 2.000000000000000042e-02
9.043824701195218196e+00 1.102671970497818066e+00 2.000000000000000042e-02
9.053784860557769321e+00 1.049957410538937541e+00 2.000000000000000042e-02
9.063745019920318668e+00 1.003757320111732909e+00 2.000000000000000042e-02
9.073705179282868016e+00 9.330202442056086953e-01 2.000000000000000042e-02
9.083665338645417364e+00 9.021866981183516154e-01 2.000000000000000042e-02
9.093625498007968488e+00 8.488604324910972165e-01 2.000000000000000042e-02
9.103585657370517836e+00 8.500408404639012705e-01 2.000000000000000042e-02
9.113545816733067184e+00 8.888566454288352459e-01 2.000000000000000042e-02
9.123505976095616532e+00 9.239413817522617034e-01 2.000000000000000042e-02
9.133466135458167656e+00 1.003018789982276227e+00 2.000000000000000042e-02
9.143426294820717004e+00 1.049581101157081253e+00 2.000000000000000042e-02
9.153386454183266352e+00 1.079315178945137177e+00 2.000000000000000042e-02
9.163346613545815700e+00 1.115658876856847836e+00 2.000000000000000042e-02
9.173306772908366824e+00 1.114956910562941994e+00 2.000000000000000042e-02
9.183266932270916172e+00 1.102282399857613671e+00 2.000000000000000042e-02
9.193227091633465520e+00 1.105073845759095619e+00 2.000000000000000042e-02
9.203187250996016644e+00 1.117779956820220466e+00 2.000000000000000042e-02
9.213147410358565992e+00 1.107431556817968010e+00 2.000000000000000042e-02
9.223107569721115340e+00 1.112106768962024983e+00 2.000000000000000042e-02
9.233067729083664688e+00 1.118793095156976669e+00 2.000000000000000042e-02
9.243027888446215812e+00 1.131888124969574250e+00 2.000000000000000042e-02
9.252988047808765160e+00 1.110292544726544151e+00 2.000000000000000042e-02
9.262948207171314507e+00 1.129613069513609291e+00 2.000000000000000042e-02
9.272908366533863855e+00 1.122703917789182437e+00 2.000000000000000042e-02
9.282868525896414980e+00 1.132710035540345439e+00 2.000000000000000042e-02
9.292828685258964327e+00 1.132707694799663045e+00 2.000000000000000042e-02
9.302788844621513675e+00 1.143922733211673037e+00 2.000000000000000042e-02
9.312749003984063023e+00 1.115235460410576973e+00 2.000000000000000042e-02
9.322709163346614147e+00 1.141007643155138807e+00 2.000000000000000042e-02
9.332669322709163495e+00 1.127433479008117745e+00 2.000000000000000042e-02
9.342629482071712843e+00 1.138673080087073908e+00 2.000000000000000042e-02
9.352589641434262191e+00 1.145919236959234144e+00 2.000000000000000042e-02
9.362549800796813315e+00 1.118523042786310429e+00 2.000000000000000042e-02
9.372509960159362663e+00 1.111989048576873751e+00 2.000000000000000042e-02
9.382470119521912011e+00 1.122668097081671368e+00 2.000000000000000042e-02
9.392430278884461359e+00 1.115197231304495995e+00 2.000000000000000042e-02
9.402390438247012483e+00 1.135786719779939835e+00 2.000000000000000042e-02
9.412350597609561831e+00 1.124692454142396603e+00 2.000000000000000042e-02
9.422310756972111179e+00 1.129059694238848000e+00 2.000000000000000042e-02
9.432270916334660527e+00 1.111933028438757631e+00 2.000000000000000042e-02
9.442231075697211651e+00 1.122260876579159961e+00 2.000000000000000042e-02
9.452191235059760999e+00 1.131792764347483438e+00 2.000000000000000042e-02
9.462151394422310346e+00 1.122184192076493670e+00 2.000000000000000042e-02
9.472111553784859694e+00 1.121726293657818729e+00 2.000000000000000042e-02
9.482071713147410819e+00 1.107052992461773355e+00 2.000000000000000042e-02
9.492031872509960166e+00 1.121230304387868637e+00 2.000000000000000042e-02
9.501992031872509514e+00 1.127889734475267636e+00 2.000000000000000042e-02
9.511952191235058862e+00 1.118753612965218247e+00 2.000000000000000042e-02
9.521912350597609986e+00 1.125785527286959464e+00 2.000000000000000042e-02
9.531872509960159334e+00 1.120600339140942037e+00 2.000000000000000042e-02
9.541832669322708682e+00 1.115288919479005436e+00 2.000000000000000042e-02
9.551792828685258030e+00 1.127419852525549659e+00 2.000000000000000042e-02
9.561752988047809154e+00 1.133076633201220318e+00 2.000000000000000042e-02
9.571713147410358502e+00 1.112112717367018000e+00 2.000000000000000042e-02
9.581673306772907850e+00 1.106967269170529899e+00 2.000000000000000042e-02
9.591633466135457198e+00 1.133325296858278319e+00 2.000000000000000042e-02
9.601593625498008322e+00 1.096477035997987626e+00 2.000000000000000042e-02
9.611553784860557670e+00 1.123028424173672546e+00 2.000000000000000042e-02
9.621513944223107018e+00 1.123919045685737528e+00 2.000000000000000042e-02
9.631474103585656366e+00 1.120438517686686231e+00 2.000000000000000042e-02
9.641434262948207490e+00 1.132317164638226847e+00 2.000000000000000042e-02
9.651394422310756838e+00 1.111623214428471673e+00 2.000000000000000042e-02
9.661354581673306186e+00 1.095015968456136690e+00 2.000000000000000042e-02
9.671314741035855533e+00 1.073439897533345677e+00 2.000000000000000042e-02
9.681274900398406658e+00 1.068153120638843934e+00 2.000000000000000042e-02
9.691235059760956005e+00 1.018493078965295506e+00 2.000000000000000042e-02
9.701195219123505353e+00 9.918158285501809113e-01 2.000000000000000042e-02
9.711155378486056478e+00 9.996487154335924608e-01 2.000000000000000042e-02
9.721115537848605825e+00 9.708592714850223793e-01 2.000000000000000042e-02
9.731075697211155173e+00 9.932810101638740452e-01 2.000000000000000042e-02
9.741035856573704521e+00 1.027973599958905027e+00 2.000000000000000042e-02
9.750996015936255645e+00 1.056154566844017761e+00 2.000000000000000042e-02
9.760956175298804993e+00 1.065904361282725921e+00 2.000000000000000042e-02
9.770916334661354341e+00 1.100054119801561425e+00 2.000000000000000042e-02
9.780876494023903689e+00 1.113735080899193930e+00 2.000000000000000042e-02
9.790836653386454813e+00 1.129990741232020701e+00 2.000000000000000042e-02
9.800796812749004161e+00 1.128718431269379652e+00 2.000000000000000042e-02
9.810756972111553509e+00 1.117304529303994265e+00 2.000000000000000042e-02
9.820717131474102857e+00 1.118446101803911352e+00 2.000000000000000042e-02
9.830677290836653981e+00 1.123308572683106910e+00 2.000000000000000042e-02
9.840637450199203329e+00 1.092417821639018349e+00 2.000000000000000042e-02
9.850597609561752677e+00 1.136539826829201516e+00 2.000000000000000042e-02
9.860557768924302025e+00 1.120445057721918491e+00 2.000000000000000042e-02
9.870517928286853149e+00 1.136153308149995267e+00 2.000000000000000042e-02
9.880478087649402497e+00 1.160562936368602749e+00 2.000000000000000042e-02
9.890438247011951844e+00 1.128270775446650775e+00 2.000000000000000042e-02
9.900398406374501192e+00 1.119789626147164263e+00 2.000000000000000042e-02
9.910358565737052317e+00 1.139679823608482190e+00 2.000000000000000042e-02
9.920318725099601664e+00 1.141240079640514216e+00 2.000000000000000042e-02
9.930278884462151012e+00 1.125286104045153390e+00 2.000000000000000042e-02
9.940239043824700360e+00 1.125459322311127108e+00 2.000000000000000042e-02
9.950199203187251484e+00 1.148331068314946357e+00 2.000000000000000042e-02
9.960159362549800832e+00 1.148177493788070658e+00 2.000000000000000042e-02
9.970119521912350180e+00 1.138102052900632488e+00 2.000000000000000042e-02
9.980079681274899528e+00 1.127088799336524172e+00 2.000000000000000042e-02
9.990039840637450652e+00 1.122074411462236521e+00 2.000000000000000042e-02
1.000000000000000000e+01 1.135499712249893767e+00 2.000000000000000042e-02
