2459351.75911 0.009 0.0078
2459351.75922 0.007 0.0072
2459351.75933 -0.016 0.0078
2459351.75944 0.001 0.0078
2459351.75955 0.014 0.0078
2459351.75965 -0.001 0.0078
2459351.75976 -0.031 0.0078
2459351.75987 0.009 0.0078
2459351.75998 0.006 0.0078
2459351.76009 0.006 0.0078
2459351.7602 0.003 0.0078
2459351.76031 0.016 0.0072
2459351.76042 -0.013 0.0078
2459351.76053 0.018 0.0078
2459351.76064 0.008 0.0078
2459351.76075 0.013 0.0078
2459351.76086 -0.014 0.0078
2459351.76097 -0.003 0.0078
2459351.76108 -0.002 0.0078
2459351.76119 -0.007 0.0078
2459351.7613 -0.006 0.0078
2459351.76141 0.019 0.0078
2459351.76152 -0.039 0.0078
2459351.76163 -0.01 0.0078
2459351.76174 -0.006 0.0078
2459351.76185 -0.006 0.0078
2459351.76195 -0.002 0.0072
2459351.76206 -0.003 0.0078
2459351.76217 0.004 0.0078
2459351.76228 -0.004 0.0078
2459351.76239 -0.007 0.0078
2459351.7625 -0.027 0.0078
2459351.76261 0.009 0.0078
2459351.76272 0.006 0.0078
2459351.76283 -0.001 0.0078
2459351.76294 -0.015 0.0078
2459351.76305 -0.003 0.0078
2459351.76316 -0.012 0.0078
2459351.76327 -0.002 0.0078
2459351.76338 -0.01 0.0071
2459351.76349 -0.006 0.0078
2459351.7636 -0.011 0.0078
2459351.76371 0.005 0.0078
2459351.76382 -0.007 0.0078
2459351.76393 -0.017 0.0078
2459351.76404 -0.012 0.0078
2459351.76415 0.012 0.0078
2459351.76426 0.017 0.0072
2459351.76437 0.005 0.0078
2459351.76448 0.003 0.0078
2459351.76459 -0.028 0.0078
2459351.7647 0.019 0.0072
2459351.76481 -0.018 0.0078
2459351.76492 -0.003 0.0078
2459351.76502 0.001 0.0078
2459351.76513 -0.011 0.0078
2459351.76524 0.003 0.0078
2459351.76535 0.002 0.0078
2459351.76546 0.006 0.0078
2459351.76557 -0.008 0.0078
2459351.76568 -0.004 0.0078
2459351.76579 -0.01 0.0072
2459351.7659 -0.009 0.0078
2459351.76601 -0.012 0.0078
2459351.76612 -0.002 0.0078
2459351.76623 0.003 0.0078
2459351.76634 -0.001 0.0072
2459351.76645 0.001 0.0072
2459351.76656 0.007 0.0078
2459351.76667 -0.004 0.0078
2459351.76678 -0.008 0.0078
2459351.76689 -0.002 0.0078
2459351.767 0.008 0.0078
2459351.76711 -0.008 0.0078
2459351.76722 0.007 0.0064
2459351.76733 -0.002 0.0078
2459351.76743 -0.031 0.0078
2459351.76754 0.0 0.0072
2459351.76765 0.001 0.0078
2459351.76776 -0.002 0.0078
2459351.76787 0.008 0.0078
2459351.76798 0.001 0.0078
2459351.76809 -0.003 0.0078
2459351.7682 -0.024 0.0078
2459351.76831 -0.017 0.0078
2459351.76842 0.003 0.0078
2459351.76853 0.005 0.0072
2459351.76864 0.016 0.0078
2459351.76875 -0.004 0.0078
2459351.76886 -0.003 0.0078
2459351.76897 -0.012 0.0078
2459351.76908 -0.024 0.0078
2459351.76919 -0.005 0.0078
2459351.7693 0.023 0.0078
2459351.76941 -0.005 0.0078
2459351.76952 -0.012 0.0078
2459351.76963 -0.015 0.0078
2459351.76974 -0.015 0.0078
2459351.76984 -0.024 0.0078
2459351.76995 -0.002 0.0072
2459351.77006 0.004 0.0072
2459351.77017 0.009 0.0078
2459351.77028 0.001 0.0078
2459351.77039 -0.011 0.0072
2459351.7705 0.003 0.0072
2459351.77061 -0.015 0.0078
2459351.77072 -0.004 0.0072
2459351.77083 -0.015 0.0078
2459351.77094 -0.012 0.0078
2459351.77105 0.0 0.0072
2459351.77116 -0.01 0.0072
2459351.77127 -0.002 0.0078
2459351.77138 -0.002 0.0078
2459351.77149 -0.008 0.0078
2459351.7716 0.001 0.0072
2459351.77171 -0.008 0.0078
2459351.77182 0.004 0.0078
2459351.77193 0.0 0.0078
2459351.77203 -0.003 0.0072
2459351.77214 -0.005 0.0078
2459351.77225 -0.014 0.0078
2459351.77236 -0.017 0.0078
2459351.77247 -0.021 0.0078
2459351.77258 -0.007 0.0078
2459351.77269 -0.002 0.0078
2459351.7728 -0.017 0.0078
2459351.77291 0.005 0.0078
2459351.77302 -0.019 0.0072
2459351.77313 -0.009 0.0078
2459351.77324 -0.009 0.0078
2459351.77335 -0.007 0.0078
2459351.77346 0.007 0.0078
2459351.77357 -0.003 0.0078
2459351.77368 -0.012 0.0078
2459351.77379 -0.01 0.0078
2459351.7739 -0.018 0.0072
2459351.77401 0.007 0.0072
2459351.77412 0.004 0.0078
2459351.77423 -0.008 0.0078
2459351.77434 -0.025 0.0078
2459351.77445 -0.011 0.0072
2459351.77455 -0.003 0.0078
2459351.77466 0.002 0.0078
2459351.77477 -0.004 0.0072
2459351.77488 -0.019 0.0078
2459351.77499 0.004 0.0078
2459351.7751 -0.014 0.0078
2459351.77521 -0.02 0.0078
2459351.77532 -0.008 0.0078
2459351.77543 0.009 0.0078
2459351.77554 -0.005 0.0078
2459351.77565 -0.004 0.0078
2459351.77576 0.007 0.0078
2459351.77587 -0.002 0.0078
2459351.77598 -0.003 0.0078
2459351.77609 -0.003 0.0078
2459351.7762 -0.008 0.0078
2459351.77631 -0.007 0.0078
2459351.77642 -0.024 0.0078
2459351.77653 -0.011 0.0078
2459351.77664 -0.02 0.0078
2459351.77675 -0.006 0.0078
2459351.77686 -0.022 0.0078
2459351.77697 -0.015 0.0078
2459351.77708 -0.02 0.0078
2459351.77718 -0.001 0.0078
2459351.77729 0.002 0.0078
2459351.7774 0.014 0.0078
2459351.77751 -0.019 0.0078
2459351.77762 -0.014 0.0078
2459351.77773 -0.014 0.0078
2459351.77784 -0.027 0.0078
2459351.77795 -0.025 0.0078
2459351.77806 -0.003 0.0078
2459351.77817 0.005 0.0078
2459351.77828 0.007 0.0078
2459351.77839 -0.004 0.0078
2459351.7785 0.0 0.0078
2459351.77861 -0.025 0.0078
2459351.77872 -0.002 0.0078
2459351.77883 -0.006 0.0078
2459351.77894 -0.02 0.0078
2459351.77905 0.006 0.0078
2459351.77916 0.001 0.0078
2459351.77927 0.004 0.0078
2459351.77938 0.013 0.0078
2459351.77948 -0.017 0.0078
2459351.77959 0.015 0.0078
2459351.7797 -0.004 0.0078
2459351.77981 0.015 0.0078
2459351.77992 0.013 0.0078
2459351.78003 0.02 0.0078
2459351.78014 -0.013 0.0078
2459351.78025 -0.005 0.0078
2459351.78036 -0.008 0.0078
2459351.78047 0.021 0.0078
2459351.78058 0.0 0.0078
2459351.78069 -0.014 0.0078
2459351.7808 0.011 0.0078
2459351.78091 -0.021 0.0078
2459351.78102 -0.014 0.0078
2459351.78113 -0.022 0.0078
2459351.78124 0.015 0.0078
2459351.78135 0.006 0.0078
2459351.78146 -0.022 0.0078
2459351.78157 -0.012 0.0078
2459351.78168 -0.007 0.0078
2459351.78178 -0.01 0.0078
2459351.78189 -0.01 0.0078
2459351.782 0.005 0.0072
2459351.78211 0.002 0.0078
2459351.78222 -0.019 0.0078
2459351.78233 -0.002 0.0078
2459351.78244 -0.021 0.0078
2459351.78255 -0.005 0.0078
2459351.78266 -0.018 0.0078
2459351.78277 0.004 0.0078
2459351.78288 -0.015 0.0078
2459351.78299 0.002 0.0078
2459351.7831 0.001 0.0078
2459351.78321 -0.017 0.0078
2459351.78332 -0.021 0.0078
2459351.78343 0.001 0.0078
2459351.78354 -0.008 0.0078
2459351.78365 -0.025 0.0078
2459351.78376 0.014 0.0078
2459351.78387 0.0 0.0078
2459351.78398 0.009 0.0078
2459351.78409 -0.009 0.0078
2459351.7842 -0.017 0.0078
2459351.7843 -0.026 0.0078
2459351.78441 0.025 0.0078
2459351.78452 0.014 0.0078
2459351.78463 -0.013 0.0078
2459351.78474 0.012 0.0078
2459351.78485 -0.017 0.0078
2459351.78496 0.007 0.0078
2459351.78507 -0.003 0.0078
2459351.78518 -0.024 0.0078
2459351.78529 -0.002 0.0078
2459351.7854 0.006 0.0078
2459351.78551 -0.015 0.0078
2459351.78562 0.005 0.0078
2459351.78573 0.003 0.0078
2459351.78584 -0.003 0.0078
2459351.78595 -0.01 0.0078
2459351.78606 -0.024 0.0078
2459351.78617 0.011 0.0078
2459351.78628 -0.007 0.0078
2459351.78639 0.003 0.0078
2459351.7865 0.026 0.0078
2459351.78661 0.048 0.0078
2459351.78672 0.091 0.0078
2459351.78682 0.154 0.0086
2459351.78693 0.195 0.0086
2459351.78704 0.249 0.0086
2459351.78715 0.28 0.0086
2459351.78726 0.222 0.0086
2459351.78737 0.198 0.0086
2459351.78748 0.145 0.0078
2459351.78759 0.114 0.0078
2459351.7877 0.03 0.0078
2459351.78781 0.017 0.0078
2459351.78792 -0.013 0.0078
2459351.78803 -0.005 0.0078
2459351.78814 -0.015 0.0064
2459351.78825 0.014 0.0078
2459351.78836 0.01 0.0078
2459351.78847 0.011 0.0078
2459351.78858 -0.015 0.0078
2459351.78869 -0.008 0.0078
2459351.7888 -0.001 0.0078
2459351.78891 0.013 0.0078
2459351.78902 -0.002 0.0078
2459351.78913 0.003 0.0078
2459351.78923 -0.008 0.0078
2459351.78934 0.001 0.0078
2459351.78945 0.008 0.0078
2459351.78956 -0.03 0.0078
2459351.78967 0.003 0.0078
2459351.78978 -0.025 0.0078
2459351.78989 -0.003 0.0078
2459351.79 0.007 0.0078
2459351.79011 -0.001 0.0078
2459351.79022 0.013 0.0078
2459351.79033 0.011 0.0078
2459351.79044 -0.01 0.0078
2459351.79055 -0.01 0.0078
2459351.79066 -0.014 0.0078
2459351.79077 -0.018 0.0078
2459351.79088 0.001 0.0078
2459351.79099 -0.022 0.0078
2459351.7911 0.026 0.0078
2459351.79121 0.006 0.0078
2459351.79132 0.005 0.0078
2459351.79143 -0.015 0.0078
2459351.79154 -0.008 0.0078
2459351.79165 -0.025 0.0078
2459351.79176 -0.005 0.0078
2459351.79186 -0.006 0.0078
2459351.79197 -0.008 0.0078
2459351.79208 -0.005 0.0078
2459351.79219 -0.011 0.0078
2459351.7923 0.007 0.0078
2459351.79241 -0.004 0.0078
2459351.79252 0.005 0.0078
2459351.79263 -0.001 0.0078
2459351.79274 -0.019 0.0078
2459351.79285 0.007 0.0078
2459351.79296 -0.01 0.0078
2459351.79307 -0.013 0.0078
2459351.79318 0.018 0.0078
2459351.79329 0.006 0.0078
2459351.7934 -0.004 0.0078
2459351.79351 -0.021 0.0078
2459351.79362 -0.002 0.0078
2459351.79373 -0.008 0.0078
2459351.79384 -0.021 0.0078
2459351.79395 -0.001 0.0078
2459351.79405 0.013 0.0078
2459351.79416 -0.012 0.0078
2459351.79427 -0.014 0.0078
2459351.79438 -0.03 0.0078
2459351.79449 0.013 0.0078
2459351.7946 -0.026 0.0078
2459351.79471 0.012 0.0078
2459351.79482 -0.003 0.0078
2459351.79493 0.013 0.0078
2459351.79504 -0.014 0.0078
2459351.79515 -0.014 0.0078
2459351.79526 0.004 0.0078
2459351.79537 0.009 0.0078
2459351.79548 0.014 0.0078
2459351.79559 0.003 0.0078
2459351.7957 0.016 0.0078
2459351.79581 0.009 0.0078
2459351.79592 -0.011 0.0078
2459351.79603 -0.016 0.0078
2459351.79614 0.001 0.0078
2459351.79625 -0.013 0.0078
2459351.79635 -0.009 0.0078
2459351.79646 -0.026 0.0078
2459351.79657 -0.007 0.0078
2459351.79668 0.014 0.0078
2459351.79679 -0.006 0.0078
2459351.7969 -0.007 0.0078
2459351.79701 -0.024 0.0078
2459351.79712 -0.001 0.0078
2459351.79723 -0.017 0.0078
2459351.79734 0.014 0.0078
2459351.79745 0.007 0.0078
2459351.79756 -0.014 0.0078
2459351.79767 0.025 0.0086
2459351.79778 -0.024 0.0078
2459351.79789 0.006 0.0078
2459351.798 0.001 0.0078
2459351.79811 0.002 0.0086
2459351.79822 0.01 0.0078
2459351.79833 0.019 0.0078
2459351.79844 0.0 0.0078
2459351.79855 0.015 0.0078
2459351.79865 0.014 0.0086
2459351.79876 0.001 0.0078
2459351.79887 0.009 0.0078
2459351.79898 -0.003 0.0078
2459351.79909 -0.009 0.0078
2459351.7992 0.002 0.0078
2459351.79931 -0.022 0.0078
2459351.79942 -0.01 0.0078
2459351.79953 0.0 0.0078
2459351.79964 -0.003 0.0078
2459351.79975 -0.016 0.0078
2459351.79986 -0.004 0.0078
2459351.79997 0.012 0.0078
2459351.80008 0.009 0.0078
2459351.80019 -0.001 0.0078
2459351.8003 -0.011 0.0078
2459351.80041 0.021 0.0078
2459351.80052 -0.014 0.0078
2459351.80063 -0.022 0.0078
2459351.80074 -0.01 0.0078
2459351.80085 -0.001 0.0078
2459351.80095 -0.032 0.0078
2459351.80106 -0.019 0.0078
2459351.80117 -0.001 0.0078
2459351.80128 -0.025 0.0078
2459351.80139 0.016 0.0086
2459351.8015 0.001 0.0078
2459351.80161 0.009 0.0078
2459351.80172 0.017 0.0078
2459351.80183 -0.009 0.0078
2459351.80194 -0.023 0.0078
2459351.80205 0.017 0.0078
2459351.80216 -0.023 0.0078
2459351.80227 -0.02 0.0078
2459351.80238 0.0 0.0078
2459351.80249 0.005 0.0086
2459351.8026 -0.017 0.0078
2459351.80271 0.007 0.0078
2459351.80282 0.004 0.0078
2459351.80293 0.005 0.0078
2459351.80303 0.0 0.0078
2459351.80314 0.001 0.0078
2459351.80325 0.011 0.0078
2459351.80336 -0.01 0.0078
2459351.80347 0.019 0.0078
2459351.80358 -0.008 0.0078
2459351.80369 -0.014 0.0078
2459351.8038 -0.005 0.0078
2459351.80391 -0.008 0.0078
2459351.80402 0.006 0.0078
2459351.80413 0.004 0.0086
2459351.80424 -0.017 0.0078
2459351.80435 -0.012 0.0078
2459351.80446 -0.015 0.0078
2459351.80457 -0.021 0.0078
2459351.80468 0.005 0.0078
2459351.80479 -0.002 0.0078
2459351.8049 0.005 0.0078
2459351.80501 -0.013 0.0078
2459351.80512 0.007 0.0078
2459351.80523 -0.028 0.0078
2459351.80534 -0.011 0.0078
2459351.80545 0.0 0.0078
2459351.80556 0.007 0.0078
2459351.80567 -0.02 0.0078
2459351.80577 -0.014 0.0078
2459351.80588 -0.008 0.0078
2459351.80599 -0.013 0.0078
2459351.8061 0.014 0.0078
2459351.80621 -0.01 0.0078
2459351.80632 0.016 0.0078
2459351.80643 0.02 0.0078
2459351.80654 -0.029 0.0078
2459351.80665 -0.011 0.0078
2459351.80676 -0.014 0.0078
2459351.80687 -0.014 0.0078
2459351.80698 -0.008 0.0078
2459351.80709 0.016 0.0078
2459351.8072 0.008 0.0078
2459351.80731 0.009 0.0078
2459351.80742 -0.029 0.0078
2459351.80753 0.01 0.0078
2459351.80764 -0.019 0.0078
2459351.80775 -0.006 0.0078
2459351.80786 0.013 0.0078
2459351.80797 -0.012 0.0078
2459351.80807 0.01 0.0078
2459351.80818 0.013 0.0078
2459351.80829 -0.033 0.0078
2459351.8084 -0.013 0.0078
2459351.80851 0.014 0.0078
2459351.80862 -0.015 0.0078
2459351.80873 0.006 0.0078
2459351.80665 0.0 0.0078
2459351.80676 0.006 0.0078
2459351.80687 0.001 0.0078
2459351.80698 -0.012 0.0078
2459351.80709 0.011 0.0078
2459351.8072 0.014 0.0078
2459351.80731 0.013 0.0078
2459351.80742 -0.009 0.0078
2459351.80753 -0.001 0.0078
2459351.80764 -0.025 0.0078
2459351.80775 -0.03 0.0078
2459351.80786 -0.001 0.0078
2459351.80797 -0.01 0.0078
2459351.80807 0.019 0.0078
2459351.80818 0.006 0.0078
2459351.80829 -0.012 0.0078
2459351.8084 -0.01 0.0078
2459351.80851 0.025 0.0078
2459351.80862 -0.02 0.0078
2459351.80873 -0.001 0.0078
2459351.80884 -0.002 0.0078
2459351.80895 0.017 0.0078
2459351.80906 -0.012 0.0078
2459351.80917 -0.008 0.0078
2459351.80928 -0.019 0.0078
2459351.80939 -0.011 0.0078
2459351.8095 -0.005 0.0078
2459351.80961 -0.001 0.0078
2459351.80972 -0.018 0.0078
2459351.80983 0.015 0.0078
2459351.80994 -0.02 0.0078
2459351.81005 0.016 0.0078
2459351.81016 -0.01 0.0078
2459351.81027 -0.014 0.0078
2459351.81037 0.002 0.0078
2459351.81048 -0.013 0.0078
2459351.81059 -0.016 0.0078
2459351.8107 0.002 0.0078
2459351.81081 -0.001 0.0078
2459351.81092 -0.003 0.0078
2459351.81103 0.026 0.0078
2459351.81114 -0.019 0.0078
2459351.81125 -0.014 0.0078
2459351.81136 0.004 0.0078
2459351.81147 -0.004 0.0078
2459351.81158 -0.007 0.0078
2459351.81169 0.009 0.0078
2459351.8118 -0.02 0.0078
2459351.81191 0.007 0.0078
2459351.81202 0.012 0.0078
2459351.81213 -0.011 0.0078
2459351.81224 -0.013 0.0078
2459351.81235 -0.005 0.0078
2459351.81246 -0.003 0.0078
2459351.81257 -0.006 0.0078
2459351.81268 -0.002 0.0078
2459351.81279 -0.003 0.0078
2459351.81289 -0.021 0.0078
2459351.813 0.01 0.0078
2459351.81311 0.016 0.0078
2459351.81322 -0.002 0.0078
2459351.81333 -0.01 0.0078
2459351.81344 -0.02 0.0078
2459351.81355 0.003 0.0078
2459351.81366 -0.006 0.0078
2459351.81377 -0.014 0.0078
2459351.8139 0.011 0.0078
2459351.81401 -0.006 0.0078
2459351.81412 -0.012 0.0078
2459351.81423 -0.016 0.0078
2459351.81434 0.0 0.0078
2459351.81445 0.001 0.0078
2459351.81455 -0.011 0.0078
2459351.81467 0.005 0.0078
2459351.81477 -0.003 0.0078
2459351.81488 -0.013 0.0078
2459351.81499 0.001 0.0078
2459351.8151 0.011 0.0078
2459351.81521 -0.01 0.0078
2459351.81532 -0.01 0.0078
2459351.81543 -0.001 0.0078
2459351.81554 0.007 0.0078
2459351.81565 -0.009 0.0078
2459351.81576 0.02 0.0078
2459351.81587 -0.003 0.0078
2459351.81598 0.007 0.0078
2459351.81609 -0.007 0.0078
2459351.8162 -0.014 0.0078
2459351.81631 0.007 0.0078
2459351.81642 -0.001 0.0078
2459351.81653 0.013 0.0078
2459351.81664 -0.002 0.0078
2459351.81675 -0.005 0.0078
2459351.81686 0.005 0.0078
2459351.81697 -0.004 0.0078
2459351.81708 -0.01 0.0078
2459351.81719 -0.009 0.0078
2459351.81729 -0.003 0.0078
2459351.8174 0.005 0.0078
2459351.81751 -0.014 0.0078
2459351.81762 -0.01 0.0078
2459351.81773 -0.011 0.0078
2459351.81784 -0.001 0.0078
2459351.81795 -0.015 0.0078
2459351.81806 -0.003 0.0078
2459351.81817 -0.008 0.0078
2459351.81828 -0.012 0.0078
2459351.81839 -0.001 0.0078
2459351.8185 -0.009 0.0078
2459351.81861 0.003 0.0078
2459351.81872 -0.011 0.0078
2459351.81883 -0.004 0.0078
2459351.81894 -0.005 0.0078
2459351.81905 -0.006 0.0078
2459351.81916 -0.014 0.0078
2459351.81927 -0.01 0.0078
2459351.81938 -0.018 0.0078
2459351.81949 -0.007 0.0078
2459351.8196 -0.018 0.0071
2459351.8197 -0.024 0.0078
2459351.81981 0.002 0.0078
2459351.81992 0.003 0.0078
2459351.82003 -0.012 0.0078
2459351.82014 0.002 0.0078
2459351.82025 -0.016 0.0078
2459351.82036 0.006 0.0078
2459351.82047 -0.005 0.0078
2459351.82058 -0.002 0.0078
2459351.82069 -0.012 0.0078
2459351.8208 0.012 0.0078
2459351.82091 -0.014 0.0078
2459351.82102 -0.009 0.0078
2459351.82113 -0.001 0.0078
2459351.82124 -0.017 0.0078
2459351.82135 -0.005 0.0078
2459351.82146 -0.008 0.0078
2459351.82157 -0.021 0.0078
2459351.82168 -0.011 0.0078
2459351.82179 0.01 0.0078
2459351.8219 -0.004 0.0078
2459351.822 -0.015 0.0078
2459351.82211 -0.012 0.0078
2459351.82222 0.009 0.0078
2459351.82233 -0.005 0.0078
2459351.82244 -0.023 0.0078
2459351.82255 -0.03 0.0078
2459351.82266 0.02 0.0078
2459351.82277 -0.001 0.0078
2459351.82288 -0.005 0.0078
2459351.82299 -0.003 0.0078
2459351.8231 0.017 0.0078
2459351.82321 -0.002 0.0078
2459351.82332 -0.029 0.0078
2459351.82343 0.008 0.0078
2459351.82354 -0.028 0.0078
2459351.82365 -0.012 0.0086
2459351.82376 0.013 0.0078
2459351.82387 -0.001 0.0078
2459351.82398 0.012 0.0078
2459351.82409 -0.005 0.0078
2459351.8242 -0.014 0.0078
2459351.82431 0.014 0.0078
2459351.82441 -0.016 0.0078
2459351.82452 -0.008 0.0078
2459351.82463 -0.038 0.0078
2459351.82474 -0.041 0.0078
2459351.82485 -0.012 0.0078
2459351.82496 0.013 0.0086
2459351.82507 -0.014 0.0078
2459351.82518 -0.021 0.0078
2459351.82529 0.011 0.0078
2459351.8254 -0.036 0.0078
2459351.82551 -0.016 0.0078
2459351.82562 -0.022 0.0078
2459351.82573 -0.003 0.0078
2459351.82584 -0.018 0.0078
2459351.82595 -0.017 0.0078
2459351.82606 -0.013 0.0078
2459351.82617 -0.003 0.0078
2459351.82628 -0.017 0.0078
2459351.82639 -0.024 0.0078
2459351.8265 -0.001 0.0078
2459351.82661 -0.004 0.0078
2459351.82671 -0.008 0.0078
2459351.82682 -0.005 0.0078
2459351.82693 0.009 0.0078
2459351.82704 -0.017 0.0078
2459351.82715 -0.001 0.0078
2459351.82726 -0.031 0.0078
2459351.82737 -0.007 0.0078
2459351.82748 0.001 0.0078
2459351.82759 -0.004 0.0078
2459351.8277 0.009 0.0078
2459351.82781 -0.011 0.0078
2459351.82792 -0.017 0.0078
2459351.82803 -0.01 0.0078
2459351.82814 -0.017 0.0078
2459351.82825 -0.023 0.0078
2459351.82836 -0.011 0.0078
2459351.82847 -0.003 0.0078
2459351.82858 -0.02 0.0078
2459351.82869 -0.007 0.0078
2459351.8288 -0.01 0.0078
2459351.82891 -0.01 0.0078
2459351.82901 -0.013 0.0078
2459351.82912 -0.022 0.0078
2459351.82923 -0.012 0.0078
2459351.82934 -0.001 0.0078
2459351.82945 -0.012 0.0078
2459351.82956 -0.032 0.0078
2459351.82967 -0.007 0.0078
2459351.82978 -0.004 0.0078
2459351.82989 -0.02 0.0078
2459351.83 -0.011 0.0078
2459351.83011 -0.012 0.0078
2459351.83022 -0.007 0.0078
2459351.83033 -0.011 0.0078
2459351.83044 0.001 0.0078
2459351.83055 0.003 0.0078
2459351.83066 0.013 0.0078
2459351.83077 -0.011 0.0078
2459351.83088 -0.009 0.0078
2459351.83099 -0.013 0.0078
2459351.8311 -0.013 0.0078
2459351.83121 -0.014 0.0078
2459351.83131 -0.025 0.0078
2459351.83142 -0.005 0.0078
2459351.83153 0.011 0.0078
2459351.83164 -0.025 0.0078
2459351.83175 0.009 0.0078
2459351.83186 -0.004 0.0078
2459351.83197 -0.013 0.0078
2459351.83208 -0.025 0.0078
2459351.83219 -0.011 0.0078
2459351.8323 0.0 0.0078
2459351.83241 0.0 0.0078
2459351.83252 -0.001 0.0078
2459351.83263 0.013 0.0078
2459351.83274 0.007 0.0086
2459351.83285 0.014 0.0078
2459351.83296 -0.009 0.0086
2459351.83307 -0.036 0.0078
2459351.83318 -0.01 0.0078
2459351.83329 -0.01 0.0078
2459351.8334 -0.014 0.0078
2459351.83351 0.001 0.0078
2459351.83362 -0.031 0.0078
2459351.83373 -0.001 0.0078
2459351.83384 -0.017 0.0078
2459351.83394 -0.008 0.0078
2459351.83405 0.016 0.0078
2459351.83416 0.008 0.0078
2459351.83427 -0.024 0.0078
2459351.83438 -0.034 0.0085
2459351.83449 -0.003 0.0078
2459351.8346 -0.011 0.0078
2459351.83471 -0.017 0.0078
2459351.83482 0.012 0.0086
2459351.83493 0.003 0.0078
2459351.83504 0.001 0.0078
2459351.83515 -0.01 0.0078
2459351.83526 -0.019 0.0078
2459351.83537 0.001 0.0078
2459351.83548 -0.014 0.0078
2459351.83559 -0.024 0.0078
2459351.8357 0.004 0.0078
2459351.83581 0.001 0.0078
2459351.83592 -0.018 0.0078
2459351.83603 -0.018 0.0078
2459351.83614 -0.019 0.0078
2459351.83625 -0.001 0.0078
2459351.83636 -0.004 0.0078
2459351.83647 -0.003 0.0078
2459351.83657 0.004 0.0078
2459351.83668 0.031 0.0086
2459351.83679 0.087 0.0078
2459351.8369 0.159 0.0078
2459351.83701 0.244 0.0086
2459351.83712 0.288 0.0086
2459351.83723 0.293 0.0086
2459351.83734 0.306 0.0086
2459351.83745 0.27 0.0086
2459351.83756 0.21 0.0086
2459351.83767 0.129 0.0078
2459351.83778 0.056 0.0078
2459351.83789 0.011 0.0078
2459351.838 -0.015 0.0078
2459351.83811 -0.009 0.0078
2459351.83822 -0.019 0.0078
2459351.83833 -0.025 0.0092
2459351.83844 -0.019 0.0078
2459351.83855 0.005 0.0078
2459351.83866 -0.015 0.0078
2459351.83877 0.001 0.0078
2459351.83888 -0.015 0.0078
2459351.83898 -0.025 0.0078
2459351.83909 0.013 0.0078
2459351.8392 -0.039 0.0078
2459351.83931 -0.013 0.0086
2459351.83942 -0.006 0.0078
2459351.83953 -0.019 0.0078
2459351.83964 0.0 0.0078
2459351.83975 0.022 0.0078
2459351.83986 0.009 0.0078
2459351.83997 0.017 0.0078
2459351.84008 -0.018 0.0078
2459351.84019 -0.012 0.0078
2459351.8403 0.005 0.0078
2459351.84041 0.008 0.0078
2459351.84052 -0.007 0.0078
2459351.84063 -0.024 0.0078
2459351.84074 -0.013 0.0078
2459351.84085 0.012 0.0078
2459351.84096 -0.022 0.0078
2459351.84107 0.002 0.0078
2459351.84118 0.025 0.0078
2459351.84129 -0.005 0.0078
2459351.84139 0.009 0.0078
2459351.84151 0.018 0.0078
2459351.84161 -0.008 0.0078
2459351.84172 -0.021 0.0078
2459351.84183 -0.008 0.0078
2459351.84194 -0.021 0.0078
2459351.84205 0.018 0.0078
2459351.84216 0.009 0.0078
2459351.84227 0.014 0.0078
2459351.84238 -0.012 0.0078
2459351.84249 0.01 0.0078
2459351.8426 -0.008 0.0078
2459351.84271 0.005 0.0078
2459351.84282 -0.018 0.0078
2459351.84293 -0.026 0.0078
2459351.84304 -0.004 0.0078
2459351.84315 -0.003 0.0078
2459351.84326 -0.01 0.0078
2459351.84337 0.007 0.0078
2459351.84348 0.017 0.0078
2459351.84359 0.008 0.0078
2459351.8437 0.004 0.0078
2459351.84381 -0.01 0.0078
2459351.84392 -0.02 0.0078
2459351.84402 0.012 0.0078
2459351.84413 -0.01 0.0078
2459351.84424 -0.005 0.0078
2459351.84435 0.007 0.0078
2459351.84446 0.005 0.0078
2459351.84457 -0.014 0.0078
2459351.84468 -0.009 0.0078
2459351.84479 0.0 0.0078
2459351.8449 0.002 0.0078
2459351.84501 -0.018 0.0078
2459351.84512 -0.002 0.0078
2459351.84523 0.016 0.0078
2459351.84534 -0.011 0.0078
2459351.84545 -0.002 0.0078
2459351.84556 0.004 0.0078
2459351.84567 0.008 0.0078
2459351.84578 -0.01 0.0078
2459351.84589 -0.003 0.0078
2459351.846 -0.007 0.0078
2459351.84611 -0.003 0.0078
2459351.84622 -0.021 0.0078
2459351.84633 0.0 0.0078
2459351.84644 0.02 0.0078
2459351.84655 0.004 0.0078
2459351.84666 0.027 0.0078
2459351.84676 -0.005 0.0078
2459351.84687 0.009 0.0078
2459351.84698 -0.012 0.0078
2459351.84709 -0.021 0.0078
2459351.8472 0.001 0.0078
2459351.84731 -0.012 0.0078
2459351.84742 0.002 0.0078
2459351.84753 -0.013 0.0078
2459351.84764 -0.004 0.0078
2459351.84775 0.002 0.0078
2459351.84786 -0.008 0.0078
2459351.84797 -0.015 0.0078
2459351.84808 -0.001 0.0078
2459351.84819 0.009 0.0078
2459351.8483 -0.019 0.0078
2459351.84841 -0.009 0.0078
2459351.84852 0.018 0.0078
2459351.84863 -0.003 0.0078
2459351.84874 0.016 0.0078
2459351.84885 -0.011 0.0078
2459351.84896 -0.0083 0.0078
2459351.84906 0.0077 0.0078
2459351.84917 0.0027 0.0078
2459351.84928 -0.0103 0.0078
2459351.84939 -0.0053 0.0078
2459351.8495 -0.0043 0.0078
2459351.84961 0.0087 0.0078
2459351.84972 -0.0133 0.0078
2459351.84983 -0.0083 0.0078
2459351.84994 -0.0103 0.0078
2459351.85005 -0.0193 0.0078
2459351.85016 -0.0123 0.0078
2459351.85027 -0.0013 0.0078
2459351.85038 0.0207 0.0078
2459351.85049 0.0227 0.0078
2459351.8506 0.0217 0.0078
2459351.85071 -0.0143 0.0078
2459351.85082 -0.0153 0.0078
2459351.85093 -0.0203 0.0078
2459351.85104 -0.0033 0.0078
2459351.85115 0.0197 0.0078
2459351.85126 0.0017 0.0078
2459351.85137 -0.0073 0.0078
2459351.85148 0.0297 0.0078
2459351.85159 -0.0123 0.0078
2459351.85169 0.0057 0.0078
2459351.8518 -0.0223 0.0078
2459351.85191 0.0077 0.0078
2459351.85202 0.0047 0.0078
2459351.85213 0.0047 0.0078
2459351.85224 -0.0033 0.0078
2459351.85235 -0.0033 0.0078
2459351.85246 0.0197 0.0078
2459351.85257 -0.0093 0.0086
2459351.85268 0.0217 0.0078
2459351.85279 0.0007 0.0086
2459351.8529 -0.0083 0.0078
2459351.85301 0.0027 0.0078
2459351.85312 0.0087 0.0086
2459351.85323 -0.0133 0.0078
2459351.85334 -0.0093 0.0078
2459351.85345 0.0187 0.0078
2459351.85356 -0.0033 0.0086
2459351.85367 -0.0033 0.0078
2459351.85378 -0.0103 0.0078
2459351.85389 0.0167 0.0078
2459351.854 0.0067 0.0078
2459351.85411 -0.0013 0.0078
2459351.85422 0.0207 0.0086
2459351.85433 0.0127 0.0078
2459351.85443 -0.0013 0.0086
2459351.85454 0.0167 0.0078
2459351.85465 -0.0043 0.0078
2459351.85476 0.0147 0.0086
2459351.85487 0.0137 0.0078
2459351.85498 -0.0133 0.0078
2459351.85509 -0.0173 0.0078
2459351.8552 -0.0053 0.0078
2459351.85531 0.0287 0.0086
2459351.85542 -0.0003 0.0078
2459351.85553 0.0087 0.0078
2459351.85564 -0.0213 0.0078
2459351.85575 0.0007 0.0078
2459351.85586 -0.0033 0.0078
2459351.85597 -0.0153 0.0078
2459351.85608 0.0097 0.0078
2459351.85619 0.0127 0.0078
2459351.8563 0.0007 0.0078
2459351.85641 -0.0063 0.0078
2459351.85652 0.0077 0.0078
2459351.85663 0.0087 0.0078
2459351.85674 -0.0213 0.0078
2459351.85685 0.0217 0.0078
2459351.85696 0.0177 0.0078
2459351.85706 -0.0163 0.0078
2459351.85717 -0.0113 0.0078
2459351.85728 0.0207 0.0078
2459351.85739 -0.0183 0.0078
2459351.8575 -0.0133 0.0078
2459351.85761 -0.0143 0.0078
2459351.85772 -0.0053 0.0078
2459351.85783 0.0217 0.0086
2459351.85794 -0.0013 0.0078
2459351.85805 0.0037 0.0078
2459351.85816 -0.0033 0.0078
2459351.85827 0.0137 0.0078
2459351.85838 -0.0163 0.0078
2459351.85849 0.0097 0.0078
2459351.8586 0.0057 0.0078
2459351.85871 -0.0123 0.0078
2459351.85882 0.0177 0.0078
2459351.85893 -0.0103 0.0078
2459351.85904 0.0107 0.0078
2459351.85915 0.0077 0.0078
2459351.85926 0.0077 0.0078
2459351.85937 0.0077 0.0078
2459351.85948 -0.0013 0.0078
2459351.85958 0.0167 0.0078
2459351.85969 0.0137 0.0078
2459351.8598 0.0007 0.0078
2459351.85991 0.0077 0.0078
2459351.86002 -0.0013 0.0086
2459351.86013 0.0317 0.0078
2459351.86024 0.0147 0.0078
2459351.86035 -0.0073 0.0078
2459351.86046 0.0047 0.0078
2459351.86057 -0.0203 0.0078
2459351.86068 0.0147 0.0078
2459351.86079 -0.0223 0.0078
2459351.8609 0.0247 0.0086
2459351.86101 0.0157 0.0078
2459351.86112 0.0017 0.0078
2459351.86123 0.0117 0.0078
2459351.86134 -0.0033 0.0078
2459351.86145 0.0017 0.0078
2459351.86156 0.0097 0.0078
2459351.86167 -0.0053 0.0086
2459351.86177 -0.0053 0.0078
2459351.86188 0.0117 0.0078
2459351.86199 -0.0203 0.0078
2459351.8621 0.0207 0.0078
2459351.86221 0.0037 0.0078
2459351.86232 0.0027 0.0078
2459351.86243 -0.0033 0.0078
2459351.86254 0.0217 0.0078
2459351.86265 0.0037 0.0078
2459351.86276 0.0187 0.0078
2459351.86287 -0.0113 0.0078
2459351.86298 -0.0053 0.0078
2459351.86309 -0.0153 0.0078
2459351.8632 -0.0103 0.0078
2459351.86331 -0.0023 0.0078
2459351.86342 -0.0173 0.0078
2459351.86353 -0.0153 0.0078
2459351.86364 0.0027 0.0078
2459351.86375 -0.0063 0.0078
2459351.86386 -0.0053 0.0078
2459351.86397 -0.0123 0.0078
2459351.86407 0.0067 0.0078
2459351.86418 0.0057 0.0078
2459351.86429 -0.0053 0.0078
2459351.8644 0.0217 0.0078
2459351.86451 0.0017 0.0078
2459351.86462 0.0117 0.0078
2459351.86473 -0.0163 0.0078
2459351.86484 0.0077 0.0078
2459351.86495 0.0067 0.0086
2459351.86506 -0.0423 0.0078
2459351.86517 -0.0103 0.0078
2459351.86528 0.0117 0.0078
2459351.86539 -0.0033 0.0078
2459351.8655 -0.0043 0.0078
2459351.86561 0.0057 0.0078
2459351.86572 -0.0043 0.0078
2459351.86583 0.0127 0.0078
2459351.86594 0.0137 0.0078
2459351.86605 0.0047 0.0078
2459351.86616 -0.0003 0.0078
2459351.86627 -0.0053 0.0078
2459351.86638 0.0127 0.0078
2459351.86648 0.0147 0.0078
2459351.86659 0.0207 0.0078
2459351.8667 0.0057 0.0078
2459351.86681 -0.0093 0.0078
2459351.86692 -0.0173 0.0078
2459351.86703 0.0037 0.0078
2459351.86714 -0.0153 0.0078
2459351.86725 -0.0053 0.0078
2459351.86736 -0.0233 0.0078
2459351.86747 -0.0183 0.0078
2459351.86758 0.0127 0.0078
2459351.86769 -0.0033 0.0078
2459351.8678 -0.0123 0.0078
2459351.86791 -0.0063 0.0078
2459351.86802 0.0287 0.0078
2459351.86813 0.0087 0.0078
2459351.86824 0.0047 0.0078
2459351.86835 -0.0143 0.0078
2459351.86846 -0.0113 0.0078
2459351.86857 -0.0323 0.0086
2459351.86875 -0.0203 0.0078
2459351.86886 -0.0253 0.0078
2459351.86897 -0.0033 0.0078
2459351.86908 -0.0043 0.0078
2459351.86919 0.0117 0.0078
2459351.8693 0.0057 0.0078
2459351.86941 -0.0083 0.0086
2459351.86952 -0.0043 0.0078
2459351.86963 -0.0063 0.0078
2459351.86974 0.0117 0.0086
2459351.86985 0.0037 0.0086
2459351.86996 -0.0153 0.0086
2459351.87007 0.0157 0.0078
2459351.87018 -0.0233 0.0078
2459351.87029 0.0017 0.0078
2459351.8704 -0.0243 0.0078
2459351.87051 -0.0143 0.0078
2459351.87062 -0.0043 0.0078
2459351.87073 0.0107 0.0078
2459351.87084 -0.0153 0.0078
2459351.87094 0.0127 0.0086
2459351.87105 -0.0063 0.0078
2459351.87116 -0.0083 0.0078
2459351.87127 0.0217 0.0086
2459351.87138 0.0047 0.0086
2459351.87149 -0.0043 0.0078
2459351.8716 -0.0133 0.0078
2459351.87171 0.0197 0.0086
2459351.87182 0.0147 0.0086
2459351.87193 -0.0163 0.0078
2459351.87204 0.0087 0.0078
2459351.87215 -0.0203 0.0078
2459351.87226 -0.0143 0.0078
2459351.87237 -0.0013 0.0078
2459351.87248 0.0138 0.0078
2459351.87259 -0.0152 0.0078
2459351.8727 -0.0182 0.0078
2459351.87281 -0.0002 0.0078
2459351.87292 0.0068 0.0086
2459351.87303 0.0078 0.0078
2459351.87314 0.0028 0.0086
2459351.87324 -0.0042 0.0078
2459351.87335 0.0358 0.0078
2459351.87346 0.0118 0.0078
2459351.87357 -0.0152 0.0078
2459351.87368 0.0158 0.0081
2459351.87379 -0.0072 0.0078
2459351.8739 -0.0162 0.0078
2459351.87401 0.0178 0.0086
2459351.87412 0.0108 0.0078
2459351.87423 -0.0372 0.0078
2459351.87434 0.0198 0.0078
2459351.87445 0.0018 0.0078
2459351.87456 -0.0132 0.0078
2459351.87467 -0.0132 0.0078
2459351.87478 -0.0152 0.0078
2459351.87489 0.0238 0.0086
2459351.875 -0.0102 0.0078
2459351.87511 0.0288 0.0086
2459351.87522 0.0148 0.0078
2459351.87533 0.0048 0.0078
2459351.87544 -0.0162 0.0078
2459351.87555 0.0148 0.0078
2459351.87565 -0.0062 0.0078
2459351.87576 -0.0082 0.0078
2459351.87587 0.0048 0.0078
2459351.87598 -0.0162 0.0078
2459351.87609 -0.0012 0.0078
2459351.8762 0.0318 0.0078
2459351.87631 -0.0042 0.0086
2459351.87642 -0.0012 0.0078
2459351.87653 0.0058 0.0078
2459351.87664 0.0158 0.0078
2459351.87675 0.0038 0.0078
2459351.87686 -0.0082 0.0078
2459351.87697 -0.0272 0.0078
2459351.87708 0.0008 0.0078
2459351.87719 -0.0082 0.0078
2459351.8773 -0.0162 0.0078
2459351.87741 0.0108 0.0078
2459351.87752 0.0118 0.0078
2459351.87763 -0.0062 0.0078
2459351.87774 -0.0052 0.0078
2459351.87784 0.0138 0.0078
2459351.87795 -0.0292 0.0078
2459351.87806 -0.0712 0.0078
2459351.87817 -0.0152 0.0078
2459351.87828 -0.0122 0.0078
2459351.87839 0.0008 0.0078
2459351.8785 -0.0102 0.0078
2459351.87861 -0.0382 0.0078
2459351.87872 0.0018 0.0078
2459351.87883 0.0068 0.0078
2459351.87894 0.0018 0.0078
2459351.87905 -0.0102 0.0078
2459351.87916 -0.0172 0.0078
2459351.87927 -0.0162 0.0078
2459351.87938 -0.0072 0.0078
2459351.87949 -0.0252 0.0078
2459351.8796 -0.0102 0.0078
2459351.87971 -0.0292 0.0078
2459351.87982 -0.0272 0.0078
2459351.87993 0.0288 0.0086
2459351.88003 0.0058 0.0078
2459351.88014 0.0048 0.0078
2459351.88025 0.0098 0.0078
2459351.88036 -0.0132 0.0078
2459351.88047 -0.0052 0.0078
2459351.88058 0.0108 0.0078
2459351.88069 0.0028 0.0078
2459351.8808 -0.0062 0.0078
2459351.88091 -0.0232 0.0078
2459351.88102 -0.0322 0.0078
2459351.88113 -0.0112 0.0078
2459351.88124 -0.0192 0.0078
2459351.88135 -0.0222 0.0078
2459351.88146 -0.0202 0.0078
2459351.88157 -0.0262 0.0078
2459351.88168 -0.0202 0.0078
2459351.88179 -0.0282 0.0078
2459351.8819 -0.0212 0.0078
2459351.882 -0.0112 0.0078
2459351.88212 -0.0272 0.0078
2459351.88222 -0.0062 0.0078
2459351.88233 0.0058 0.0078
2459351.88244 0.0048 0.0078
2459351.88255 -0.0302 0.0078
2459351.88266 -0.0172 0.0078
2459351.88277 0.0108 0.0078
2459351.88288 -0.0032 0.0078
2459351.88299 0.0028 0.0078
2459351.8831 -0.0222 0.0078
2459351.88321 0.0048 0.0078
2459351.88332 -0.0102 0.0078
2459351.88343 -0.0312 0.0078
2459351.88354 -0.0242 0.0078
2459351.88365 0.0148 0.0072
2459351.88376 -0.0012 0.0078
2459351.88387 -0.0292 0.0078
2459351.88398 -0.0402 0.0078
2459351.88409 0.0018 0.0078
2459351.8842 0.0088 0.0078
2459351.88431 -0.0062 0.0078
2459351.88442 -0.0182 0.0078
2459351.88453 -0.0242 0.0078
2459351.88463 -0.0172 0.0078
2459351.88474 -0.0152 0.0078
2459351.88485 0.0008 0.0078
2459351.88496 -0.0472 0.0078
2459351.88507 -0.0162 0.0078
2459351.88518 -0.0302 0.0078
2459351.88529 -0.0372 0.0078
2459351.8854 0.0018 0.0078
2459351.88551 -0.0072 0.0078
2459351.88562 -0.0052 0.0078
2459351.88573 0.0058 0.0078
2459351.88584 0.0128 0.0078
2459351.88595 0.0078 0.0078
2459351.88606 -0.0182 0.0078
2459351.88617 -0.0162 0.0078
2459351.88628 -0.0052 0.0078
2459351.88639 -0.0212 0.0078
2459351.8865 -0.0212 0.0078
2459351.88661 0.0088 0.0078
2459351.88672 0.0278 0.0078
2459351.88683 0.0658 0.0086
2459351.88693 0.1008 0.0086
2459351.88704 0.1158 0.0086
2459351.88715 0.2068 0.0086
2459351.88726 0.2498 0.0086
2459351.88737 0.2568 0.0094
2459351.88748 0.2428 0.0086
2459351.88759 0.2358 0.0086
2459351.8877 0.1348 0.0086
2459351.88781 0.0738 0.0078
2459351.88792 0.0408 0.0078
2459351.88803 0.0178 0.0078
2459351.88814 -0.0412 0.0078
2459351.88825 -0.0092 0.0078
2459351.88836 -0.0472 0.0078
2459351.88847 -0.0132 0.0078
2459351.88858 -0.0232 0.0078
2459351.88869 -0.0142 0.0078
2459351.8888 -0.0032 0.0078
2459351.88891 -0.0052 0.0078
2459351.88902 -0.0052 0.0078
2459351.88913 -0.0322 0.0078
2459351.88923 -0.0042 0.0078
2459351.88934 0.0008 0.0078
2459351.88945 -0.0252 0.0078
2459351.88956 -0.0142 0.0078
2459351.88967 -0.0162 0.0078
2459351.88978 -0.0062 0.0078
2459351.88989 -0.0262 0.0078
2459351.89 -0.0202 0.0078
2459351.89011 -0.0112 0.0078
2459351.89022 -0.0202 0.0078
2459351.89033 -0.0102 0.0078
2459351.89044 -0.0122 0.0078
2459351.89055 -0.0152 0.0078
2459351.89066 -0.0062 0.0086
2459351.89077 -0.0422 0.0078
2459351.89088 -0.0782 0.0078
2459351.89099 -0.0362 0.0078
2459351.8911 -0.0382 0.0078
2459351.89121 -0.0322 0.0078
2459351.89132 -0.0242 0.0078
2459351.89143 0.0008 0.0086
2459351.89153 0.0148 0.0078
2459351.89164 0.0028 0.0078
2459351.89175 0.0168 0.0078
2459351.89186 -0.0452 0.0078
2459351.89197 -0.0082 0.0078
2459351.89208 -0.0232 0.0078
2459351.89219 0.0158 0.0078
2459351.8923 -0.0112 0.0078
2459351.89241 -0.0112 0.0078
2459351.89252 -0.0242 0.0078
2459351.89263 -0.0262 0.0078
2459351.89274 -0.0212 0.0086
2459351.89285 -0.0152 0.0078
2459351.89296 -0.0032 0.0078
2459351.89307 0.0118 0.0078
2459351.89318 -0.0132 0.0078
2459351.89329 -0.0252 0.0078
2459351.8934 0.0008 0.0078
2459351.8935 -0.0282 0.0078
2459351.89362 -0.0142 0.0078
2459351.89372 -0.0072 0.0078
2459351.89383 -0.0162 0.0078
2459351.89394 0.0188 0.0078
2459351.89405 -0.0152 0.0078
2459351.89416 0.0148 0.0086
2459351.89427 -0.0032 0.0086
2459351.89438 -0.0361 0.0078
2459351.89449 -0.0551 0.0078
2459351.89482 0.0019 0.0078
2459351.89493 -0.0151 0.0078
2459351.89515 0.0099 0.0078
2459351.89526 0.0019 0.0078
2459351.89537 0.0169 0.0078
2459351.89548 0.0109 0.0078
2459351.89559 0.0019 0.0078
2459351.8957 -0.0041 0.0078
2459351.89581 0.0189 0.0078
2459351.89592 -0.0091 0.0078
2459351.89603 0.0109 0.0078
2459351.89613 0.0039 0.0078
2459351.89624 -0.0091 0.0078
2459351.89635 0.0059 0.0078
2459351.89646 0.0169 0.0078
2459351.89657 -0.0161 0.0078
2459351.89668 -0.0291 0.0086
2459351.89679 -0.0171 0.0078
2459351.8969 -0.0181 0.0078
2459351.89701 0.0239 0.0078
2459351.89712 -0.0031 0.0086
2459351.89723 -0.0091 0.0086
2459351.89734 -0.0051 0.0078
2459351.89745 -0.0131 0.0078
2459351.89756 0.0149 0.0078
2459351.89767 0.0239 0.0078
2459351.89778 -0.0331 0.0078
2459351.89789 0.0199 0.0086
2459351.898 0.0019 0.0078
2459351.89811 0.0509 0.0086
2459351.89822 -0.0221 0.0078
2459351.89833 -0.0131 0.0078
2459351.89844 -0.0201 0.0078
2459351.89854 -0.0041 0.0078
2459351.89865 -0.0171 0.0078
2459351.89876 -0.0041 0.0078
2459351.89887 -0.0231 0.0078
2459351.89898 0.0049 0.0078
2459351.89909 -0.0281 0.0078
2459351.8992 -0.0031 0.0078
2459351.89931 0.0029 0.0078
2459351.89942 -0.0291 0.0078
2459351.89953 0.0019 0.0078
2459351.89964 -0.0121 0.0078
2459351.89975 -0.0141 0.0078
2459351.89986 -0.0211 0.0078
2459351.89997 -0.0311 0.0086
2459351.90008 -0.0181 0.0078
2459351.90019 -0.0061 0.0078
2459351.9003 0.0029 0.0078
2459351.90041 -0.0091 0.0078
2459351.90052 -0.0001 0.0078
2459351.90063 -0.0141 0.0078
2459351.90074 0.0109 0.0078
2459351.90085 -0.0141 0.0078
2459351.90096 0.0019 0.0078
2459351.90106 -0.0121 0.0078
2459351.90117 0.0009 0.0078
2459351.90128 0.0049 0.0072
2459351.90139 -0.0121 0.0078
2459351.9015 0.0139 0.0078
2459351.90161 -0.0281 0.0078
2459351.90172 -0.0001 0.0078
2459351.90183 0.0069 0.0078
2459351.90194 0.0009 0.0078
2459351.90205 -0.0231 0.0078
2459351.90216 0.0029 0.0078
2459351.90227 -0.0061 0.0078
2459351.90238 -0.0051 0.0078
2459351.90249 -0.0121 0.0078
2459351.9026 -0.0171 0.0078
2459351.90271 -0.0081 0.0078
2459351.90282 -0.0231 0.0072
2459351.90293 -0.0001 0.0078
2459351.90304 -0.0241 0.0078
2459351.90315 -0.0081 0.0078
2459351.90326 -0.0021 0.0078
2459351.90337 0.0019 0.0078
2459351.90347 -0.0011 0.0078
2459351.90359 -0.0061 0.0078
2459351.90369 -0.0091 0.0078
2459351.9038 0.0079 0.0078
2459351.90391 -0.0101 0.0078
2459351.90402 0.0139 0.0078
2459351.90413 0.0039 0.0078
2459351.90424 0.0019 0.0078
2459351.90435 -0.0311 0.0078
2459351.90446 -0.0041 0.0078
2459351.90457 -0.0031 0.0078
2459351.90468 -0.0061 0.0078
2459351.90479 -0.0121 0.0078
2459351.9049 -0.0121 0.0078
2459351.90501 -0.0381 0.0078
2459351.90512 -0.0251 0.0078
2459351.90523 -0.0101 0.0078
2459351.90534 -0.0181 0.0078
2459351.90545 -0.0291 0.0078
2459351.90556 -0.0601 0.0078
2459351.90567 -0.0821 0.0078
2459351.90577 0.0089 0.0078
2459351.90588 -0.0101 0.0078
2459351.90599 -0.0191 0.0078
2459351.9061 -0.0261 0.0078
2459351.90621 0.0009 0.0078
2459351.90632 -0.0191 0.0078
2459351.90643 -0.0351 0.0078
2459351.90654 -0.0031 0.0078
2459351.90665 0.0039 0.0078
2459351.90676 -0.0471 0.0078
2459351.90687 0.0109 0.0072
2459351.90698 -0.0261 0.0078
2459351.90709 0.0079 0.0078
2459351.9072 -0.0251 0.0078
2459351.90731 -0.0201 0.0078
2459351.90742 0.0029 0.0078
2459351.90753 0.0019 0.0078
2459351.90764 0.0119 0.0078
2459351.90775 0.0009 0.0078
2459351.90786 -0.0301 0.0071
2459351.90796 -0.0191 0.0078
2459351.90807 -0.0201 0.0078
2459351.90818 0.0029 0.0072
2459351.90829 0.0109 0.0078
2459351.9084 -0.0321 0.0078
2459351.90851 -0.0281 0.0078
2459351.90862 -0.0161 0.0078
2459351.90873 -0.0271 0.0078
2459351.90884 -0.0101 0.0078
2459351.90895 -0.0331 0.0078
2459351.90906 -0.0181 0.0078
2459351.90917 -0.0061 0.0078
2459351.90928 -0.0201 0.0078
2459351.90939 -0.0171 0.0072
2459351.9095 -0.0141 0.0078
2459351.90961 -0.0191 0.0078
2459351.90972 0.0059 0.0078
2459351.90983 -0.0081 0.0078
2459351.90994 -0.0181 0.0078
2459351.91005 -0.0131 0.0078
2459351.91016 -0.0451 0.0078
2459351.91026 -0.0001 0.0078
2459351.91037 -0.0121 0.0078
2459351.91048 -0.0181 0.0078
2459351.91059 -0.0021 0.0078
2459351.9107 -0.0151 0.0078
2459351.91081 -0.0271 0.0078
2459351.91092 -0.0311 0.0078
2459351.91103 -0.0181 0.0078
2459351.91114 -0.0061 0.0078
2459351.91125 0.0009 0.0078
2459351.91136 -0.0161 0.0078
2459351.91147 -0.0321 0.0078
2459351.91158 0.0049 0.0078
2459351.91169 -0.0351 0.0078
2459351.9118 -0.0191 0.0078
2459351.91191 -0.0341 0.0078
2459351.91202 -0.0391 0.0078
2459351.91213 -0.0201 0.0078
2459351.91224 -0.0091 0.0078
2459351.91234 -0.0371 0.0078
2459351.91245 -0.0371 0.0078
2459351.91261 -0.0321 0.0078
2459351.91272 -0.0371 0.0078
2459351.91283 -0.0081 0.0078
2459351.91293 -0.0121 0.0078
2459351.91304 0.0119 0.0078
2459351.91315 -0.0181 0.0078
2459351.91326 -0.0121 0.0078
2459351.91337 -0.0091 0.0078
2459351.91348 -0.0261 0.0078
2459351.91359 -0.0281 0.0078
2459351.9137 -0.0131 0.0078
2459351.91381 -0.0211 0.0078
2459351.91392 -0.0191 0.0078
2459351.91403 -0.0201 0.0078
2459351.91414 -0.0341 0.0078
2459351.91425 -0.0231 0.0078
2459351.91436 -0.0161 0.0078
2459351.91447 -0.0081 0.0078
2459351.91458 -0.0071 0.0078
2459351.91469 -0.0071 0.0078
2459351.9148 -0.0081 0.0078
2459351.91491 -0.0191 0.0078
2459351.91502 -0.0181 0.0078
2459351.91513 0.0069 0.0078
2459351.91524 -0.0101 0.0078
2459351.91535 -0.0271 0.0078
2459351.91546 -0.0161 0.0078
2459351.91556 -0.0101 0.0078
2459351.91567 -0.0331 0.0078
2459351.91578 -0.0261 0.0078
2459351.91589 -0.0221 0.0078
2459351.916 -0.0281 0.0078
2459351.91611 -0.0271 0.0078
2459351.91622 -0.0091 0.0078
2459351.91644 0.003729591836735 0.0078
2459351.91655 0.004729591836735 0.0078
2459351.91677 -0.015270408163265 0.0078
2459351.91688 -0.017270408163265 0.0078
2459351.91722 -0.059270408163265 0.0078
2459351.91733 -0.028270408163265 0.0078
2459351.91744 0.007729591836735 0.0078
2459351.91755 -0.006270408163265 0.0078
2459351.91766 -0.013270408163265 0.0078
2459351.91777 0.002729591836735 0.0078
2459351.91788 -0.025270408163265 0.0078
2459351.91798 -0.014270408163265 0.0078
2459351.91809 -0.037270408163265 0.0078
2459351.9182 -0.003270408163265 0.0078
2459351.91831 0.004729591836735 0.0078
2459351.91842 -0.008270408163265 0.0071
2459351.91853 -0.018270408163265 0.0078
2459351.91864 -0.008270408163265 0.0078
2459351.91875 -0.016270408163265 0.0078
2459351.91886 -0.060270408163265 0.0078
2459351.91897 -0.012270408163265 0.0078
2459351.91908 -0.025270408163265 0.0078
2459351.91919 -0.033270408163265 0.0078
2459351.9193 -0.033270408163265 0.0078
2459351.91941 -0.008270408163265 0.0078
2459351.91952 -0.043270408163265 0.0078
2459351.91963 -0.014270408163265 0.0078
2459351.91974 -0.035270408163265 0.0078
2459351.91985 -0.014270408163265 0.0078
2459351.91996 -0.050270408163265 0.0078
2459351.92007 0.017729591836735 0.0078
2459351.92017 -0.030270408163265 0.0078
2459351.92028 -0.038270408163265 0.0078
2459351.92039 -0.005270408163265 0.0078
2459351.9205 -0.042270408163265 0.0078
2459351.92061 -0.022270408163265 0.0078
2459351.92072 -0.004270408163265 0.0078
2459351.92083 -0.025270408163265 0.0078
2459351.92094 0.014729591836735 0.0078
2459351.92105 -0.029270408163265 0.0078
2459351.92116 -0.004270408163265 0.0078
2459351.92127 -0.031270408163265 0.0078
2459351.92138 -0.003270408163265 0.0078
2459351.92149 -0.015270408163265 0.0078
2459351.92163 -0.051270408163265 0.0078
2459351.92174 -0.030270408163265 0.0078
2459351.92185 0.010729591836735 0.0078
2459351.92196 0.007729591836735 0.0078
2459351.92207 -0.043270408163265 0.0078
2459351.92218 -0.013270408163265 0.0078
2459351.92228 -0.023270408163265 0.0078
2459351.92239 -0.014270408163265 0.0078
2459351.9225 -0.035270408163265 0.0078
2459351.92261 -0.021270408163265 0.0078
2459351.92272 -0.052270408163265 0.0078
2459351.92283 -0.042270408163265 0.0078
2459351.92294 -0.043270408163265 0.0078
2459351.92305 -0.032270408163265 0.0078
2459351.92316 -0.036270408163265 0.0078
2459351.92327 -0.027270408163265 0.0078
2459351.92338 -0.054270408163265 0.0078
2459351.92349 -0.007270408163265 0.0078
2459351.9236 -0.038270408163265 0.0078
2459351.92371 -0.049270408163265 0.0078
2459351.92382 -0.040270408163265 0.0078
2459351.92393 -0.026270408163265 0.0078
2459351.92404 -0.035270408163265 0.0078
2459351.92415 -0.035270408163265 0.0078
2459351.92426 -0.031270408163265 0.0078
2459351.92437 -0.043270408163265 0.0078
2459351.92448 -0.049270408163265 0.0078
2459351.92459 -0.041270408163265 0.0078
2459351.9247 -0.014270408163265 0.0078
2459351.9248 -0.054270408163265 0.0078
2459351.92491 -0.031270408163265 0.0078
2459351.92502 -0.022270408163265 0.0078
2459351.92513 -0.028270408163265 0.0078
2459351.92524 -0.030270408163265 0.0078
2459351.92535 -0.034270408163265 0.0078
2459351.92546 0.007729591836735 0.0078
2459351.92557 -0.038270408163265 0.0078
2459351.92568 -0.044270408163265 0.0078
2459351.92579 -0.049270408163265 0.0078
2459351.9259 -0.055270408163265 0.0078
2459351.92618 -0.030270408163265 0.0078
2459351.92629 -0.044270408163265 0.0078
2459351.9264 -0.027270408163265 0.0078
2459351.92651 -0.038270408163265 0.0078
2459351.92661 -0.025270408163265 0.0078
2459351.92672 -0.026270408163265 0.0078
2459351.92683 -0.013270408163265 0.0078
2459351.92694 -0.040270408163265 0.0078
2459351.92705 -0.029270408163265 0.0078
2459351.92716 -0.019270408163265 0.0085
2459351.92727 -0.023270408163265 0.0078
2459351.92738 -0.009270408163265 0.0078
2459351.92749 -0.030270408163265 0.0078
2459351.9276 -0.010270408163265 0.0078
2459351.92771 -0.007270408163265 0.0078
2459351.92782 -0.015270408163265 0.0078
2459351.92793 -0.005270408163265 0.0078
2459351.92804 -0.008270408163265 0.0078
2459351.92815 -0.025270408163265 0.0078
2459351.92826 -0.014270408163265 0.0078
2459351.92837 -0.026270408163265 0.0086
2459351.92848 -0.021270408163265 0.0078
2459351.92859 -0.038270408163265 0.0086
2459351.9287 -0.042270408163265 0.0085
2459351.92881 -0.011270408163265 0.0078
2459351.92892 -0.026270408163265 0.0078
2459351.92903 -0.003270408163265 0.0078
2459351.92914 -0.047270408163265 0.0078
2459351.92925 -0.011270408163265 0.0078
2459351.92936 0.009729591836735 0.0078
2459351.92947 -0.016270408163265 0.0078
2459351.92958 0.002729591836735 0.0078
2459351.92968 0.024729591836735 0.0078
2459351.92979 -0.005270408163265 0.0078
2459351.9299 -0.030270408163265 0.0085
2459351.93001 -0.042270408163265 0.0078
2459351.93012 -0.022270408163265 0.0078
2459351.93023 -0.028270408163265 0.0078
2459351.93034 0.021729591836735 0.0078
2459351.93045 0.005729591836735 0.0078
2459351.93058 0.009729591836735 0.0078
2459351.93069 0.000729591836735 0.0078
2459351.9308 -0.018270408163265 0.0078
2459351.93091 0.000729591836735 0.0078
2459351.93102 -0.017270408163265 0.0078
2459351.93113 -0.007270408163265 0.0086
2459351.93124 -0.005270408163265 0.0078
2459351.93135 -0.008270408163265 0.0078
2459351.93146 -0.004270408163265 0.0086
2459351.93157 0.023729591836735 0.0086
2459351.93168 0.030729591836735 0.0086
2459351.93179 -0.005270408163265 0.0085
2459351.93189 0.015729591836735 0.0086
2459351.932 0.006729591836735 0.0086
2459351.93211 -0.007270408163265 0.0086
2459351.93222 0.001729591836735 0.0078
2459351.93233 0.036729591836735 0.0092
2459351.93244 -0.003270408163265 0.0085
2459351.93255 0.027729591836735 0.0086
2459351.93266 0.008729591836735 0.0086
2459351.93277 -0.003270408163265 0.0078
2459351.93288 -0.003270408163265 0.0086
2459351.93299 0.012729591836735 0.0086
2459351.9331 -0.011270408163265 0.0086
2459351.93321 0.017729591836735 0.0092
2459351.93332 -0.007270408163265 0.0078
2459351.93343 -0.001270408163265 0.0086
2459351.93354 0.015729591836735 0.0092
2459351.93365 0.012729591836735 0.0086
2459351.93376 0.002729591836735 0.0086
2459351.93387 0.003729591836735 0.0092
2459351.93398 -0.000270408163265 0.0092
2459351.93409 -0.006270408163265 0.0092
2459351.9342 0.005729591836735 0.0092
2459351.93431 0.003729591836735 0.0092
2459351.93441 0.018729591836735 0.0092
2459351.93452 0.009729591836735 0.0092
2459351.93463 -0.008270408163265 0.0092
2459351.93474 0.003729591836735 0.0092
2459351.93485 -0.010270408163265 0.0092
2459351.93502 0.005729591836735 0.01
2459351.93513 -0.008270408163265 0.0092
2459351.93524 0.006729591836735 0.01
2459351.93535 0.012729591836735 0.01
2459351.93546 0.001729591836735 0.0092
2459351.93556 -0.028270408163265 0.0092
2459351.93567 -0.030270408163265 0.01
2459351.93578 0.000729591836735 0.0092
2459351.93589 -0.000270408163265 0.0092
2459351.936 -0.011270408163265 0.01
2459351.93611 0.004729591836735 0.01
2459351.93622 -0.007270408163265 0.01
2459351.93633 -0.007270408163265 0.01
2459351.93644 0.009729591836735 0.01
2459351.93655 -0.023270408163265 0.0106
2459351.93666 0.006729591836735 0.0092
2459351.93677 0.002729591836735 0.01
2459351.93688 0.007729591836735 0.0114
2459351.93699 0.106729591836735 0.0108
2459351.9371 0.157729591836735 0.0114
2459351.93721 0.196729591836735 0.0114
2459351.93732 0.284729591836735 0.0122
2459351.93743 0.304729591836735 0.0122
2459351.93754 0.298729591836735 0.013
2459351.93776 0.193729591836735 0.0117
2459351.93787 0.130729591836735 0.0114
2459351.93797 0.069729591836735 0.0114
2459351.93808 0.008729591836735 0.0114
2459351.9383 -0.025270408163265 0.0106
2459351.93852 0.014729591836735 0.0106
2459351.93907 0.004729591836735 0.0114